0	130043	51	8196	-358	-67	18	2	-332	-412	-134	101182.20	30.18	11.90	0.00	0.00	0	0	99	-1
1	130143	53	8201	-368	-66	19	2	-331	-405	-127	101183.20	30.18	11.81	0.00	0.00	0	0	99	-1
2	130203	47	8201	-369	-65	18	2	-329	-407	-131	101183.13	30.18	11.82	0.00	0.00	0	0	99	-1
3	130293	47	8201	-375	-66	17	2	-323	-411	-121	101183.13	30.18	11.82	0.00	0.00	0	0	99	-1
4	130303	47	8200	-373	-66	17	2	-326	-408	-128	101183.13	30.18	11.82	0.00	0.00	0	0	99	-1
5	130313	49	8197	-373	-66	16	2	-335	-411	-121	101183.13	30.18	11.87	0.00	0.00	0	0	99	-1
6	130323	49	8202	-369	-65	17	2	-329	-401	-127	101179.51	30.16	12.12	0.00	0.00	0	0	99	-1
7	130333	47	8200	-369	-65	17	2	-331	-413	-125	101179.51	30.16	12.12	0.00	0.00	0	0	99	-1
8	130343	42	8200	-369	-66	18	2	-330	-404	-120	101181.70	30.18	11.94	0.00	0.00	0	0	99	-1
9	130353	48	8207	-365	-66	18	2	-330	-406	-124	101181.70	30.18	11.94	0.00	0.00	0	0	99	-1
10	130373	51	8203	-363	-66	18	2	-334	-400	-122	101181.70	30.18	11.94	0.00	0.00	0	0	99	-1
11	130383	48	8203	-368	-66	18	2	-328	-410	-132	101181.70	30.18	11.94	0.00	0.00	0	0	99	-1
12	130393	39	8203	-369	-66	18	2	-331	-407	-129	101178.34	30.16	12.22	0.00	0.00	0	0	99	-1
13	130403	41	8204	-370	-66	18	2	-334	-412	-122	101178.34	30.16	12.22	0.00	0.00	0	0	99	-1
14	130413	46	8201	-371	-66	18	2	-324	-404	-128	101178.34	30.16	12.22	0.00	0.00	0	0	99	-1
15	130423	51	8203	-365	-66	17	2	-337	-407	-125	101182.30	30.18	11.89	0.00	0.00	0	0	99	-1
16	130433	53	8202	-366	-66	17	2	-333	-409	-121	101182.30	30.18	11.89	0.00	0.00	0	0	99	-1
17	130443	52	8204	-369	-66	17	2	-328	-414	-132	101182.30	30.18	11.89	0.00	0.00	0	0	99	-1
18	130453	48	8202	-366	-67	17	2	-333	-405	-121	101183.30	30.18	11.80	0.00	0.00	0	0	99	-1
19	130463	52	8202	-366	-66	18	2	-326	-400	-126	101183.30	30.18	11.80	0.00	0.00	0	0	99	-1
20	130473	54	8201	-365	-66	18	2	-329	-415	-131	101183.30	30.18	11.80	0.00	0.00	0	0	99	-1
21	130493	54	8202	-359	-66	18	2	-325	-407	-131	101178.50	30.16	12.20	0.00	0.00	0	0	99	-1
22	130503	51	8202	-365	-66	18	2	-332	-410	-124	101178.50	30.16	12.20	0.00	0.00	0	0	99	-1
23	130513	53	8199	-371	-66	18	2	-329	-405	-121	101178.50	30.16	12.20	0.00	0.00	0	0	99	-1
24	130523	53	8198	-369	-66	18	2	-328	-404	-126	101178.50	30.16	12.20	0.00	0.00	0	0	99	-1
25	130533	54	8198	-369	-66	18	2	-325	-415	-127	101176.50	30.16	12.37	0.00	0.00	0	0	99	-1
26	130543	54	8196	-368	-66	18	2	-331	-399	-123	101176.50	30.16	12.37	0.00	0.00	0	0	99	-1
27	130553	52	8194	-365	-66	17	2	-333	-407	-121	101176.50	30.16	12.37	0.00	0.00	0	0	99	-1
28	130563	48	8195	-370	-66	18	2	-331	-409	-125	101178.17	30.16	12.23	0.00	0.00	0	0	99	-1
29	130573	51	8192	-370	-66	17	2	-329	-405	-121	101178.17	30.16	12.23	0.00	0.00	0	0	99	-1
30	130583	50	8191	-377	-66	18	2	-325	-407	-127	101178.17	30.16	12.23	0.00	0.00	0	0	99	-1
31	130643	49	8204	-376	-66	18	2	-328	-402	-128	101183.03	30.19	11.83	0.00	0.00	0	0	99	-1
32	130663	50	8204	-373	-67	18	2	-334	-402	-124	101184.53	30.19	11.70	0.00	0.00	0	0	99	-1
33	130683	52	8200	-375	-66	19	1	-328	-412	-122	101184.53	30.19	11.70	0.00	0.00	0	0	99	-1
34	130693	55	8198	-368	-67	19	2	-329	-409	-123	101184.53	30.19	11.70	0.00	0.00	0	0	99	-1
35	130703	57	8196	-368	-66	19	2	-333	-405	-127	101181.08	30.17	11.99	0.00	0.00	0	0	99	-1
36	130713	53	8196	-374	-66	19	2	-333	-401	-127	101181.08	30.17	11.99	0.00	0.00	0	0	99	-1
37	130723	53	8200	-369	-66	18	3	-333	-407	-123	101181.08	30.17	11.99	0.00	0.00	0	0	99	-1
38	130733	56	8201	-370	-66	18	2	-334	-408	-124	101181.08	30.16	12.02	0.00	0.00	0	0	99	-1
39	130753	53	8200	-371	-66	18	2	-325	-407	-121	101180.67	30.16	12.02	0.00	0.00	0	0	99	-1
40	130763	53	8200	-367	-66	18	2	-330	-412	-124	101180.67	30.16	12.02	0.00	0.00	0	0	99	-1
41	130773	56	8199	-371	-66	17	3	-327	-401	-129	101180.67	30.18	11.82	0.00	0.00	0	0	99	-1
42	130783	56	8201	-375	-66	18	2	-330	-410	-124	101183.13	30.18	11.82	0.00	0.00	0	0	99	-1
43	130793	59	8199	-374	-66	18	2	-326	-408	-132	101183.13	30.18	11.82	0.00	0.00	0	0	99	-1
44	130803	57	8197	-375	-66	17	2	-325	-403	-121	101183.13	30.18	11.82	0.00	0.00	0	0	99	-1
45	130813	54	8201	-371	-66	18	2	-327	-407	-123	101183.53	30.18	11.78	0.00	0.00	0	0	99	-1
46	130823	45	8204	-375	-67	18	2	-333	-407	-123	101183.53	30.18	11.78	0.00	0.00	0	0	99	-1
47	130833	46	8202	-372	-67	18	2	-328	-406	-128	101183.53	30.18	11.78	0.00	0.00	0	0	99	-1
48	130843	48	8201	-368	-67	18	2	-334	-408	-136	101181.91	30.17	11.92	0.00	0.00	0	0	99	-1
49	130853	45	8200	-370	-67	18	2	-328	-410	-132	101181.91	30.17	11.92	0.00	0.00	0	0	99	-1
50	130863	43	8199	-374	-67	18	2	-327	-411	-121	101181.91	30.17	11.92	0.00	0.00	0	0	99	-1
51	130873	44	8199	-374	-67	18	2	-328	-402	-128	101180.91	30.17	12.00	0.00	0.00	0	0	99	-1
52	130893	45	8198	-371	-67	18	2	-335	-401	-121	101180.91	30.17	12.00	0.00	0.00	0	0	99	-1
53	130903	47	8200	-370	-67	18	2	-325	-411	-127	101180.91	30.17	12.00	0.00	0.00	0	0	99	-1
54	130913	47	8199	-371	-67	18	2	-327	-407	-117	101180.91	30.18	11.83	0.00	0.00	0	0	99	-1
55	130923	46	8198	-370	-67	18	2	-325	-409	-125	101182.97	30.18	11.83	0.00	0.00	0	0	99	-1
56	130933	49	8199	-376	-66	17	2	-335	-411	-113	101182.97	30.18	11.83	0.00	0.00	0	0	99	-1
57	130943	52	8200	-377	-66	18	2	-326	-406	-122	101182.97	30.18	11.83	0.00	0.00	0	0	99	-1
58	130953	51	8198	-379	-66	18	2	-328	-404	-120	101181.96	30.18	11.92	0.00	0.00	0	0	99	-1
59	130963	51	8204	-369	-66	18	1	-328	-404	-126	101181.96	30.18	11.92	0.00	0.00	0	0	99	-1
60	130973	52	8200	-364	-66	18	2	-332	-400	-126	101181.96	30.18	11.92	0.00	0.00	0	0	99	-1
61	130983	54	8198	-367	-66	18	1	-336	-412	-124	101180.25	30.17	12.06	0.00	0.00	0	0	99	-1
62	131003	53	8201	-371	-66	17	2	-324	-406	-124	101180.25	30.17	12.06	0.00	0.00	0	0	99	-1
63	131033	47	8193	-363	-66	17	2	-328	-402	-120	101179.65	30.17	12.11	0.00	0.00	0	0	99	-1
64	131043	50	8199	-364	-66	17	2	-324	-414	-122	101179.65	30.17	12.11	0.00	0.00	0	0	99	-1
65	131053	46	8201	-369	-66	17	2	-332	-404	-126	101179.65	30.17	12.11	0.00	0.00	0	0	99	-1
66	131063	44	8203	-377	-66	17	2	-329	-413	-123	101182.20	30.19	11.90	0.00	0.00	0	0	99	-1
67	131073	45	8200	-380	-66	17	2	-335	-405	-119	101182.20	30.19	11.90	0.00	0.00	0	0	99	-1
68	131083	42	8200	-373	-67	17	2	-325	-407	-131	101182.20	30.19	11.90	0.00	0.00	0	0	99	-1
69	131093	44	8200	-373	-67	17	1	-329	-407	-123	101183.61	30.19	11.78	0.00	0.00	0	0	99	-1
70	131103	46	8200	-374	-67	18	2	-321	-413	-127	101183.61	30.19	11.78	0.00	0.00	0	0	99	-1
71	131113	49	8200	-372	-67	18	2	-325	-405	-129	101183.61	30.19	11.78	0.00	0.00	0	0	99	-1
72	131133	48	8198	-368	-66	17	3	-330	-406	-116	101179.34	30.16	12.13	0.00	0.00	0	0	99	-1
73	131143	47	8199	-368	-66	17	2	-333	-401	-127	101179.34	30.16	12.13	0.00	0.00	0	0	99	-1
74	131153	46	8201	-372	-66	17	2	-326	-408	-126	101179.34	30.16	12.13	0.00	0.00	0	0	99	-1
75	131163	50	8199	-372	-66	17	2	-326	-410	-120	101179.34	30.16	12.15	0.00	0.00	0	0	99	-1
76	131173	47	8201	-372	-66	17	2	-323	-411	-131	101179.17	30.16	12.15	0.00	0.00	0	0	99	-1
77	131183	49	8196	-381	-66	17	2	-332	-398	-120	101179.17	30.16	12.15	0.00	0.00	0	0	99	-1
78	131193	46	8198	-375	-66	17	2	-335	-411	-121	101182.17	30.18	11.65	0.00	0.00	0	0	99	-1
79	131203	41	8196	-381	-66	18	2	-331	-405	-129	101185.13	30.18	11.65	0.00	0.00	0	0	99	-1
80	131213	43	8199	-378	-66	18	2	-331	-413	-121	101185.13	30.18	11.65	0.00	0.00	0	0	99	-1
81	131223	45	8199	-383	-66	18	2	-328	-404	-118	101185.13	30.18	11.65	0.00	0.00	0	0	99	-1
82	131233	48	8199	-382	-66	18	2	-337	-407	-127	101183.63	30.18	11.78	0.00	0.00	0	0	99	-1
83	131243	53	8199	-379	-66	19	2	-323	-407	-125	101183.63	30.18	11.78	0.00	0.00	0	0	99	-1
84	131253	52	8197	-384	-66	18	3	-331	-413	-123	101183.63	30.18	11.78	0.00	0.00	0	0	99	-1
85	131263	50	8201	-375	-66	18	2	-335	-405	-121	101181.98	30.17	11.91	0.00	0.00	0	0	99	-1
86	131273	50	8200	-378	-66	17	2	-326	-404	-118	101181.98	30.17	11.91	0.00	0.00	0	0	99	-1
87	131283	48	8200	-378	-66	17	2	-329	-399	-123	101181.98	30.17	11.91	0.00	0.00	0	0	99	-1
88	131293	51	8204	-380	-66	17	3	-323	-407	-121	101181.98	30.17	11.91	0.00	0.00	0	0	99	-1
89	131303	52	8204	-381	-66	17	3	-335	-407	-125	101183.66	30.17	11.77	0.00	0.00	0	0	99	-1
90	131313	52	8205	-383	-66	17	2	-332	-412	-128	101183.66	30.17	11.77	0.00	0.00	0	0	99	-1
91	131333	51	8202	-379	-66	17	2	-332	-414	-124	101183.66	30.17	11.77	0.00	0.00	0	0	99	-1
92	131343	52	8205	-377	-66	17	2	-337	-411	-125	101179.98	30.17	12.08	0.00	0.00	0	0	99	-1
93	131363	48	8203	-376	-66	17	2	-332	-412	-120	101179.98	30.17	12.08	0.00	0.00	0	0	99	-1
94	131383	46	8203	-370	-66	18	1	-333	-403	-131	101181.48	30.17	11.96	0.00	0.00	0	0	99	-1
95	131393	43	8198	-375	-66	17	2	-326	-400	-128	101181.48	30.17	11.96	0.00	0.00	0	0	99	-1
96	131403	40	8199	-375	-66	18	2	-334	-406	-126	101181.48	30.17	11.96	0.00	0.00	0	0	99	-1
97	131423	40	8196	-371	-66	18	2	-331	-403	-127	101186.61	30.19	11.53	0.00	0.00	0	0	99	-1
98	131433	43	8199	-375	-66	17	2	-325	-411	-125	101186.61	30.19	11.53	0.00	0.00	0	0	99	-1
99	131443	42	8201	-372	-66	18	2	-329	-413	-121	101186.61	30.19	11.53	0.00	0.00	0	0	99	-1
100	131453	46	8199	-377	-66	18	1	-322	-408	-124	101182.13	30.18	11.90	0.00	0.00	0	0	99	-1
101	131463	41	8199	-380	-66	18	2	-333	-403	-123	101182.13	30.18	11.90	0.00	0.00	0	0	99	-1
102	131473	44	8196	-378	-66	18	2	-337	-411	-133	101182.13	30.18	11.90	0.00	0.00	0	0	99	-1
103	131503	51	8198	-379	-67	18	2	-329	-403	-125	101183.47	30.18	11.79	0.00	0.00	0	0	99	-1
104	131513	51	8192	-380	-67	18	2	-330	-410	-126	101183.47	30.18	11.79	0.00	0.00	0	0	99	-1
105	131523	48	8196	-378	-67	18	3	-335	-409	-125	101184.70	30.19	11.69	0.00	0.00	0	0	99	-1
106	131533	46	8196	-369	-67	18	3	-324	-416	-116	101184.70	30.19	11.69	0.00	0.00	0	0	99	-1
107	131543	48	8193	-367	-66	18	2	-331	-405	-121	101184.70	30.19	11.69	0.00	0.00	0	0	99	-1
108	131553	49	8194	-368	-66	18	2	-322	-406	-122	101184.38	30.16	12.02	0.00	0.00	0	0	99	-1
109	131563	48	8200	-370	-66	18	2	-336	-400	-124	101180.67	30.16	12.02	0.00	0.00	0	0	99	-1
110	131573	50	8198	-367	-66	18	2	-328	-410	-120	101180.67	30.16	12.02	0.00	0.00	0	0	99	-1
111	131583	53	8200	-360	-66	18	2	-326	-400	-124	101180.17	30.17	11.94	0.00	0.00	0	0	99	-1
112	131593	53	8195	-359	-66	18	3	-325	-407	-125	101181.66	30.17	11.94	0.00	0.00	0	0	99	-1
113	131603	54	8193	-361	-66	18	3	-329	-403	-119	101181.66	30.17	11.94	0.00	0.00	0	0	99	-1
114	131613	52	8195	-364	-66	18	3	-333	-409	-125	101181.66	30.17	11.94	0.00	0.00	0	0	99	-1
115	131623	47	8196	-371	-66	18	3	-326	-410	-128	101182.98	30.17	11.83	0.00	0.00	0	0	99	-1
116	131633	48	8195	-373	-66	18	2	-329	-405	-119	101182.98	30.17	11.83	0.00	0.00	0	0	99	-1
117	131643	52	8197	-373	-66	18	3	-333	-407	-125	101182.98	30.17	11.83	0.00	0.00	0	0	99	-1
118	131653	49	8195	-376	-67	18	3	-329	-401	-127	101184.32	30.17	11.72	0.00	0.00	0	0	99	-1
119	131663	51	8193	-375	-66	18	3	-333	-405	-131	101184.32	30.17	11.72	0.00	0.00	0	0	99	-1
120	131673	51	8195	-373	-66	18	2	-331	-407	-133	101184.32	30.17	11.72	0.00	0.00	0	0	99	-1
121	131683	55	8193	-372	-66	18	2	-335	-409	-121	101184.32	30.17	11.92	0.00	0.00	0	0	99	-1
122	131703	43	8192	-366	-67	18	2	-325	-403	-121	101181.94	30.16	11.92	0.00	0.00	0	0	99	-1
123	131713	42	8192	-368	-67	17	2	-326	-402	-126	101181.94	30.16	11.92	0.00	0.00	0	0	99	-1
124	131733	46	8192	-366	-67	18	2	-327	-407	-131	101183.63	30.18	11.78	0.00	0.00	0	0	99	-1
125	131763	45	8193	-370	-67	18	2	-331	-405	-125	101183.63	30.18	11.88	0.00	0.00	0	0	99	-1
126	131773	50	8196	-375	-66	19	2	-328	-410	-126	101182.36	30.18	11.88	0.00	0.00	0	0	99	-1
127	131783	49	8192	-371	-66	19	2	-333	-409	-135	101182.36	30.18	11.88	0.00	0.00	0	0	99	-1
128	131793	51	8192	-374	-66	19	2	-331	-409	-121	101182.36	30.18	11.88	0.00	0.00	0	0	99	-1
129	131803	55	8195	-362	-66	18	2	-329	-409	-125	101185.03	30.19	11.66	0.00	0.00	0	0	99	-1
130	131813	52	8195	-367	-66	18	2	-334	-398	-124	101185.03	30.19	11.66	0.00	0.00	0	0	99	-1
131	131823	50	8197	-367	-66	18	2	-327	-401	-123	101185.03	30.19	11.66	0.00	0.00	0	0	99	-1
132	131833	49	8198	-368	-66	18	2	-323	-401	-125	101183.80	30.18	11.76	0.00	0.00	0	0	99	-1
133	131843	44	8197	-376	-66	18	2	-335	-409	-127	101183.80	30.18	11.76	0.00	0.00	0	0	99	-1
134	131853	49	8202	-375	-66	18	2	-334	-406	-132	101183.80	30.18	11.76	0.00	0.00	0	0	99	-1
135	131863	49	8199	-373	-67	18	2	-328	-400	-128	101183.80	30.18	11.76	0.00	0.00	0	0	99	-1
136	131883	42	8198	-363	-67	18	2	-328	-408	-120	101181.66	30.17	11.94	0.00	0.00	0	0	99	-1
137	131893	45	8195	-365	-66	18	2	-325	-397	-121	101181.66	30.17	11.94	0.00	0.00	0	0	99	-1
138	131903	44	8194	-365	-66	18	2	-335	-411	-131	101181.66	30.17	11.94	0.00	0.00	0	0	99	-1
139	131913	44	8192	-359	-66	17	2	-325	-407	-123	101182.63	30.18	11.86	0.00	0.00	0	0	99	-1
140	131923	48	8194	-364	-66	17	2	-329	-409	-127	101182.63	30.18	11.86	0.00	0.00	0	0	99	-1
141	131933	48	8197	-361	-66	17	2	-326	-408	-122	101182.63	30.18	11.86	0.00	0.00	0	0	99	-1
142	131943	49	8195	-366	-66	17	2	-325	-405	-119	101183.80	30.18	11.76	0.00	0.00	0	0	99	-1
143	131953	44	8194	-372	-66	18	2	-335	-407	-121	101183.80	30.18	11.76	0.00	0.00	0	0	99	-1
144	131963	45	8195	-376	-66	18	2	-332	-400	-124	101183.80	30.18	11.76	0.00	0.00	0	0	99	-1
145	131973	40	8195	-375	-67	18	1	-327	-403	-119	101183.63	30.18	11.78	0.00	0.00	0	0	99	-1
146	131983	40	8197	-378	-67	18	2	-324	-408	-124	101183.63	30.18	11.78	0.00	0.00	0	0	99	-1
147	131993	40	8198	-378	-66	18	2	-332	-406	-126	101183.63	30.18	11.78	0.00	0.00	0	0	99	-1
148	132013	44	8194	-377	-67	18	2	-322	-406	-128	101181.91	30.17	11.92	0.00	0.00	0	0	99	-1
149	132023	46	8196	-374	-67	19	2	-337	-403	-131	101181.91	30.17	11.92	0.00	0.00	0	0	99	-1
150	132033	43	8198	-375	-66	18	2	-323	-403	-127	101181.91	30.17	11.92	0.00	0.00	0	0	99	-1
151	132043	46	8199	-375	-66	18	2	-327	-403	-131	101181.91	30.17	11.92	0.00	0.00	0	0	99	-1
152	132053	46	8202	-374	-67	19	2	-335	-407	-117	101175.69	30.15	12.44	0.00	0.00	0	0	99	-1
153	132063	48	8199	-369	-66	18	2	-330	-410	-126	101175.69	30.15	12.44	0.00	0.00	0	0	99	-1
154	132073	48	8198	-372	-66	18	1	-329	-405	-127	101175.69	30.15	12.44	0.00	0.00	0	0	99	-1
155	132103	55	8205	-366	-67	18	2	-329	-407	-119	101177.67	30.16	12.27	0.00	0.00	0	0	99	-1
156	132123	52	8199	-365	-67	17	2	-337	-407	-119	101181.30	30.18	11.97	0.00	0.00	0	0	99	-1
157	132133	53	8197	-366	-66	18	2	-331	-403	-121	101181.30	30.18	11.97	0.00	0.00	0	0	99	-1
158	132143	54	8197	-372	-66	18	2	-327	-407	-115	101181.30	30.18	11.97	0.00	0.00	0	0	99	-1
159	132153	49	8198	-372	-66	18	2	-326	-404	-118	101181.30	30.17	12.02	0.00	0.00	0	0	99	-1
160	132163	49	8200	-376	-66	18	2	-330	-410	-118	101180.75	30.17	12.02	0.00	0.00	0	0	99	-1
161	132173	46	8197	-375	-66	18	1	-328	-404	-126	101180.75	30.17	12.02	0.00	0.00	0	0	99	-1
162	132183	46	8195	-376	-66	18	2	-329	-401	-123	101180.98	30.17	12.00	0.00	0.00	0	0	99	-1
163	132193	44	8195	-374	-66	18	2	-327	-403	-113	101180.98	30.17	12.00	0.00	0.00	0	0	99	-1
164	132203	46	8199	-371	-66	18	2	-332	-412	-126	101180.98	30.17	12.00	0.00	0.00	0	0	99	-1
165	132213	44	8202	-368	-65	18	2	-327	-411	-125	101180.98	30.17	12.00	0.00	0.00	0	0	99	-1
166	132223	44	8200	-368	-65	18	2	-331	-407	-121	101178.27	30.16	12.22	0.00	0.00	0	0	99	-1
167	132233	44	8197	-368	-66	18	2	-326	-402	-126	101178.27	30.16	12.22	0.00	0.00	0	0	99	-1
168	132253	47	8196	-367	-66	18	2	-335	-401	-121	101178.27	30.16	12.22	0.00	0.00	0	0	99	-1
169	132263	53	8194	-371	-66	18	2	-325	-409	-123	101183.03	30.18	11.83	0.00	0.00	0	0	99	-1
170	132273	50	8194	-373	-66	18	3	-333	-405	-125	101183.03	30.18	11.83	0.00	0.00	0	0	99	-1
171	132283	49	8196	-376	-66	18	3	-329	-411	-119	101183.03	30.18	11.83	0.00	0.00	0	0	99	-1
172	132293	49	8195	-374	-66	19	3	-333	-409	-121	101183.03	30.17	11.98	0.00	0.00	0	0	99	-1
173	132303	47	8195	-374	-66	18	2	-327	-411	-119	101181.15	30.17	11.98	0.00	0.00	0	0	99	-1
174	132313	47	8195	-373	-66	17	2	-331	-409	-129	101181.15	30.17	11.98	0.00	0.00	0	0	99	-1
175	132323	54	8194	-372	-66	17	2	-330	-402	-122	101181.15	30.19	11.69	0.00	0.00	0	0	99	-1
176	132333	54	8197	-373	-66	18	2	-329	-403	-127	101184.70	30.19	11.69	0.00	0.00	0	0	99	-1
177	132343	53	8194	-373	-66	18	2	-331	-411	-123	101184.70	30.19	11.69	0.00	0.00	0	0	99	-1
178	132353	52	8198	-361	-66	18	2	-328	-406	-126	101184.70	30.19	11.69	0.00	0.00	0	0	99	-1
179	132363	54	8197	-361	-66	18	2	-331	-403	-129	101182.48	30.17	11.87	0.00	0.00	0	0	99	-1
180	132373	54	8198	-363	-66	18	2	-332	-400	-122	101182.48	30.17	11.87	0.00	0.00	0	0	99	-1
181	132383	58	8196	-371	-66	18	2	-326	-404	-132	101182.48	30.17	11.87	0.00	0.00	0	0	99	-1
182	132393	58	8198	-368	-66	17	2	-325	-407	-125	101182.98	30.17	11.83	0.00	0.00	0	0	99	-1
183	132403	58	8201	-364	-66	17	2	-325	-411	-121	101182.98	30.17	11.83	0.00	0.00	0	0	99	-1
184	132413	57	8202	-365	-66	18	2	-332	-408	-130	101182.98	30.17	11.83	0.00	0.00	0	0	99	-1
185	132423	54	8197	-364	-66	18	2	-323	-407	-125	101182.98	30.17	11.83	0.00	0.00	0	0	99	-1
186	132453	50	8193	-372	-66	19	2	-329	-401	-125	101178.17	30.16	12.23	0.00	0.00	0	0	99	-1
187	132483	46	8195	-368	-67	17	2	-332	-398	-126	101185.27	30.19	11.64	0.00	0.00	0	0	99	-1
188	132493	45	8198	-372	-67	18	3	-337	-409	-123	101185.27	30.19	11.64	0.00	0.00	0	0	99	-1
189	132503	46	8197	-368	-66	18	2	-327	-407	-125	101185.27	30.19	11.64	0.00	0.00	0	0	99	-1
190	132513	47	8195	-370	-66	18	2	-335	-405	-129	101181.03	30.19	11.99	0.00	0.00	0	0	99	-1
191	132523	49	8194	-374	-66	18	2	-328	-408	-124	101181.03	30.19	11.99	0.00	0.00	0	0	99	-1
192	132533	45	8197	-369	-66	17	2	-318	-408	-128	101181.03	30.19	11.99	0.00	0.00	0	0	99	-1
193	132543	44	8197	-371	-65	17	2	-337	-409	-123	101181.70	30.19	11.94	0.00	0.00	0	0	99	-1
194	132553	47	8196	-373	-66	17	2	-331	-403	-115	101181.70	30.19	11.94	0.00	0.00	0	0	99	-1
195	132563	51	8194	-374	-66	17	2	-327	-405	-125	101181.70	30.19	11.94	0.00	0.00	0	0	99	-1
196	132573	52	8194	-377	-66	18	2	-333	-411	-129	101180.94	30.19	12.00	0.00	0.00	0	0	99	-1
197	132583	54	8197	-374	-66	18	2	-327	-405	-127	101180.94	30.19	12.00	0.00	0.00	0	0	99	-1
198	132593	54	8198	-377	-66	18	2	-336	-404	-130	101180.94	30.19	12.00	0.00	0.00	0	0	99	-1
199	132613	56	8195	-377	-65	18	2	-328	-404	-122	101180.36	30.18	12.05	0.00	0.00	0	0	99	-1
200	132623	53	8193	-377	-66	18	2	-324	-408	-132	101180.36	30.18	12.05	0.00	0.00	0	0	99	-1
201	132633	51	8191	-367	-65	18	2	-324	-408	-128	101180.36	30.18	12.05	0.00	0.00	0	0	99	-1
202	132643	51	8193	-366	-66	18	2	-326	-408	-124	101180.36	30.18	12.05	0.00	0.00	0	0	99	-1
203	132653	53	8196	-368	-65	18	2	-327	-407	-123	101180.65	30.17	12.03	0.00	0.00	0	0	99	-1
204	132663	59	8196	-367	-66	18	2	-335	-411	-125	101180.65	30.17	12.03	0.00	0.00	0	0	99	-1
205	132673	58	8197	-368	-66	17	2	-332	-406	-124	101180.65	30.17	12.03	0.00	0.00	0	0	99	-1
206	132683	54	8196	-373	-66	18	2	-326	-406	-122	101178.74	30.17	12.18	0.00	0.00	0	0	99	-1
207	132693	55	8198	-369	-66	18	2	-329	-405	-123	101178.74	30.17	12.18	0.00	0.00	0	0	99	-1
208	132703	52	8200	-367	-66	18	2	-339	-409	-125	101178.74	30.17	12.18	0.00	0.00	0	0	99	-1
209	132713	50	8197	-369	-66	18	2	-328	-408	-126	101178.74	30.17	12.07	0.00	0.00	0	0	99	-1
210	132723	51	8201	-372	-66	17	2	-326	-404	-124	101180.15	30.17	12.07	0.00	0.00	0	0	99	-1
211	132733	51	8199	-371	-66	18	2	-325	-411	-121	101180.15	30.17	12.07	0.00	0.00	0	0	99	-1
212	132753	48	8193	-365	-66	18	3	-332	-408	-126	101181.77	30.19	11.93	0.00	0.00	0	0	99	-1
213	132763	47	8195	-367	-66	18	2	-326	-408	-116	101181.77	30.19	11.93	0.00	0.00	0	0	99	-1
214	132773	47	8196	-369	-66	18	3	-336	-402	-128	101181.77	30.19	11.93	0.00	0.00	0	0	99	-1
215	132783	50	8195	-369	-66	17	3	-323	-407	-127	101181.77	30.19	11.98	0.00	0.00	0	0	99	-1
216	132793	55	8193	-369	-66	18	3	-321	-417	-127	101181.20	30.18	11.98	0.00	0.00	0	0	99	-1
217	132813	56	8197	-370	-66	18	3	-334	-410	-120	101181.20	30.18	11.98	0.00	0.00	0	0	99	-1
218	132843	57	8196	-375	-66	18	2	-333	-409	-121	101182.37	30.19	11.88	0.00	0.00	0	0	99	-1
219	132853	56	8191	-376	-66	18	2	-329	-409	-115	101182.70	30.19	11.79	0.00	0.00	0	0	99	-1
220	132863	56	8196	-376	-66	19	2	-329	-407	-125	101183.44	30.19	11.79	0.00	0.00	0	0	99	-1
221	132873	58	8198	-379	-66	18	2	-336	-408	-126	101183.44	30.19	11.79	0.00	0.00	0	0	99	-1
222	132883	55	8196	-378	-66	18	2	-328	-410	-122	101183.44	30.19	11.79	0.00	0.00	0	0	99	-1
223	132893	53	8201	-378	-66	19	2	-322	-404	-122	101179.65	30.17	12.11	0.00	0.00	0	0	99	-1
224	132903	52	8200	-377	-66	19	2	-328	-414	-130	101179.65	30.17	12.11	0.00	0.00	0	0	99	-1
225	132923	55	8199	-373	-66	18	2	-330	-404	-124	101179.65	30.17	12.11	0.00	0.00	0	0	99	-1
226	132933	55	8196	-371	-66	19	2	-327	-411	-119	101180.13	30.18	12.07	0.00	0.00	0	0	99	-1
227	132943	54	8199	-369	-66	18	2	-322	-396	-124	101180.13	30.18	12.07	0.00	0.00	0	0	99	-1
228	132953	52	8198	-372	-66	18	2	-322	-404	-130	101180.13	30.18	12.07	0.00	0.00	0	0	99	-1
229	132963	51	8199	-379	-66	18	2	-331	-403	-125	101180.13	30.18	11.90	0.00	0.00	0	0	99	-1
230	132973	54	8198	-370	-66	18	2	-335	-403	-127	101182.13	30.18	11.90	0.00	0.00	0	0	99	-1
231	132983	51	8196	-371	-66	18	2	-332	-406	-130	101182.13	30.18	11.90	0.00	0.00	0	0	99	-1
232	132993	52	8195	-372	-66	18	2	-334	-410	-128	101182.13	30.18	12.29	0.00	0.00	0	0	99	-1
233	133003	50	8196	-377	-66	18	2	-331	-403	-129	101179.67	30.20	12.11	0.00	0.00	0	0	99	-1
234	133013	51	8198	-380	-66	18	3	-329	-407	-121	101179.67	30.20	12.11	0.00	0.00	0	0	99	-1
235	133023	51	8200	-380	-66	18	2	-329	-405	-123	101179.67	30.20	12.11	0.00	0.00	0	0	99	-1
236	133033	47	8200	-380	-66	17	3	-329	-407	-133	101183.01	30.20	11.77	0.00	0.00	0	0	99	-1
237	133043	50	8200	-375	-66	17	2	-327	-407	-123	101183.72	30.20	11.77	0.00	0.00	0	0	99	-1
238	133063	54	8198	-374	-66	17	2	-333	-401	-123	101183.72	30.20	11.77	0.00	0.00	0	0	99	-1
239	133073	52	8198	-373	-66	17	2	-331	-411	-121	101181.96	30.18	11.92	0.00	0.00	0	0	99	-1
240	133083	52	8198	-372	-66	17	1	-328	-404	-124	101181.96	30.18	11.92	0.00	0.00	0	0	99	-1
241	133093	52	8195	-368	-66	17	2	-333	-401	-121	101181.96	30.18	11.92	0.00	0.00	0	0	99	-1
242	133103	54	8196	-373	-66	17	2	-326	-398	-126	101181.96	30.18	11.92	0.00	0.00	0	0	99	-1
243	133113	56	8194	-372	-66	17	1	-326	-408	-122	101179.02	30.18	12.16	0.00	0.00	0	0	99	-1
244	133123	58	8195	-371	-66	17	2	-332	-404	-126	101179.02	30.18	12.16	0.00	0.00	0	0	99	-1
245	133133	58	8193	-364	-67	17	2	-326	-404	-124	101179.02	30.18	12.16	0.00	0.00	0	0	99	-1
246	133143	56	8193	-362	-67	18	2	-328	-410	-130	101179.86	30.18	12.09	0.00	0.00	0	0	99	-1
247	133153	55	8199	-367	-67	18	2	-329	-411	-125	101179.86	30.18	12.09	0.00	0.00	0	0	99	-1
248	133173	50	8198	-366	-67	18	2	-325	-405	-119	101181.77	30.19	11.93	0.00	0.00	0	0	99	-1
249	133203	46	8197	-378	-66	18	3	-325	-405	-119	101181.77	30.19	11.93	0.00	0.00	0	0	99	-1
250	133213	45	8195	-378	-66	18	3	-338	-412	-128	101180.62	30.18	12.03	0.00	0.00	0	0	99	-1
251	133223	45	8197	-378	-66	18	3	-328	-404	-116	101180.62	30.18	12.03	0.00	0.00	0	0	99	-1
252	133233	48	8194	-373	-66	18	2	-325	-405	-125	101180.62	30.18	12.03	0.00	0.00	0	0	99	-1
253	133243	49	8196	-370	-66	18	2	-342	-404	-122	101181.63	30.18	11.94	0.00	0.00	0	0	99	-1
254	133253	49	8198	-375	-66	18	2	-336	-408	-118	101181.63	30.18	11.94	0.00	0.00	0	0	99	-1
255	133263	50	8202	-371	-66	17	2	-327	-405	-127	101181.63	30.18	11.94	0.00	0.00	0	0	99	-1
256	133273	51	8202	-370	-66	18	3	-324	-398	-130	101181.63	30.18	11.94	0.00	0.00	0	0	99	-1
257	133283	48	8204	-368	-66	18	3	-324	-406	-122	101178.29	30.18	12.22	0.00	0.00	0	0	99	-1
258	133303	47	8209	-370	-67	18	2	-338	-412	-124	101178.29	30.18	12.22	0.00	0.00	0	0	99	-1
259	133313	50	8204	-371	-67	18	2	-334	-406	-124	101178.29	30.18	12.22	0.00	0.00	0	0	99	-1
260	133323	47	8204	-371	-67	18	2	-330	-406	-124	101179.63	30.18	12.11	0.00	0.00	0	0	99	-1
261	133333	46	8205	-365	-67	17	2	-328	-414	-126	101179.63	30.18	12.11	0.00	0.00	0	0	99	-1
262	133343	45	8200	-366	-67	18	3	-329	-405	-119	101179.63	30.18	12.11	0.00	0.00	0	0	99	-1
263	133353	47	8201	-365	-66	17	3	-328	-402	-120	101183.05	30.20	11.83	0.00	0.00	0	0	99	-1
264	133373	48	8203	-367	-67	17	3	-325	-409	-123	101183.05	30.20	11.83	0.00	0.00	0	0	99	-1
265	133383	49	8208	-365	-66	18	3	-330	-404	-120	101183.05	30.20	11.83	0.00	0.00	0	0	99	-1
266	133393	52	8203	-369	-66	18	3	-333	-409	-129	101179.95	30.18	12.08	0.00	0.00	0	0	99	-1
267	133403	54	8205	-368	-66	18	3	-329	-405	-113	101179.95	30.18	12.08	0.00	0.00	0	0	99	-1
268	133413	55	8208	-366	-66	18	3	-323	-415	-125	101179.95	30.18	12.08	0.00	0.00	0	0	99	-1
269	133423	53	8207	-368	-67	18	3	-330	-404	-122	101179.95	30.18	12.08	0.00	0.00	0	0	99	-1
270	133433	50	8204	-361	-66	18	3	-331	-409	-121	101179.70	30.19	12.10	0.00	0.00	0	0	99	-1
271	133443	56	8203	-364	-66	19	3	-327	-401	-119	101179.70	30.19	12.10	0.00	0.00	0	0	99	-1
272	133453	59	8201	-364	-67	19	2	-333	-395	-121	101179.70	30.19	12.05	0.00	0.00	0	0	99	-1
273	133463	57	8205	-368	-66	19	2	-333	-403	-115	101181.10	30.19	11.99	0.00	0.00	0	0	99	-1
274	133473	53	8208	-371	-66	18	3	-330	-402	-124	101181.10	30.19	11.99	0.00	0.00	0	0	99	-1
275	133483	55	8205	-372	-66	18	3	-326	-418	-130	101181.10	30.19	11.99	0.00	0.00	0	0	99	-1
276	133493	56	8200	-369	-66	18	3	-336	-406	-120	101180.05	30.20	12.08	0.00	0.00	0	0	99	-1
277	133513	54	8194	-374	-66	17	3	-330	-410	-120	101180.05	30.20	12.08	0.00	0.00	0	0	99	-1
278	133523	53	8196	-375	-66	17	3	-325	-403	-121	101180.05	30.20	12.08	0.00	0.00	0	0	99	-1
279	133543	54	8202	-372	-66	18	3	-327	-401	-121	101178.63	30.18	12.19	0.00	0.00	0	0	99	-1
280	133563	56	8196	-377	-66	17	2	-328	-404	-114	101183.36	30.21	11.80	0.00	0.00	0	0	99	-1
281	133573	54	8195	-379	-66	17	2	-330	-402	-124	101183.36	30.21	11.80	0.00	0.00	0	0	99	-1
282	133583	52	8198	-377	-67	17	2	-331	-399	-119	101183.36	30.21	11.80	0.00	0.00	0	0	99	-1
283	133603	50	8205	-368	-66	18	2	-329	-401	-123	101179.29	30.18	12.14	0.00	0.00	0	0	99	-1
284	133613	48	8199	-367	-66	18	2	-329	-401	-117	101179.29	30.18	12.14	0.00	0.00	0	0	99	-1
285	133623	47	8198	-368	-66	18	2	-324	-416	-126	101179.29	30.18	12.14	0.00	0.00	0	0	99	-1
286	133633	48	8198	-375	-66	18	3	-328	-408	-126	101179.29	30.18	12.14	0.00	0.00	0	0	99	-1
287	133643	51	8199	-379	-66	18	2	-324	-406	-120	101181.63	30.18	11.94	0.00	0.00	0	0	99	-1
288	133653	49	8202	-373	-66	18	2	-335	-399	-119	101181.63	30.18	11.94	0.00	0.00	0	0	99	-1
289	133663	46	8206	-365	-66	18	1	-327	-405	-125	101181.63	30.18	11.94	0.00	0.00	0	0	99	-1
290	133673	47	8204	-364	-67	18	1	-326	-406	-122	101180.46	30.18	12.04	0.00	0.00	0	0	99	-1
291	133683	51	8203	-365	-67	18	2	-325	-399	-129	101180.46	30.18	12.04	0.00	0.00	0	0	99	-1
292	133693	50	8200	-369	-67	17	2	-321	-407	-123	101180.46	30.18	12.04	0.00	0.00	0	0	99	-1
293	133703	49	8200	-365	-67	18	3	-333	-411	-123	101182.63	30.21	11.86	0.00	0.00	0	0	99	-1
294	133713	49	8202	-367	-67	18	2	-330	-404	-120	101182.63	30.21	11.86	0.00	0.00	0	0	99	-1
295	133733	56	8202	-363	-67	18	2	-332	-404	-120	101182.63	30.21	11.86	0.00	0.00	0	0	99	-1
296	133743	56	8203	-354	-67	17	2	-328	-402	-120	101180.77	30.19	12.02	0.00	0.00	0	0	99	-1
297	133753	58	8204	-355	-67	18	2	-333	-401	-129	101180.77	30.19	12.02	0.00	0.00	0	0	99	-1
298	133763	57	8203	-358	-67	18	2	-326	-412	-122	101180.77	30.19	12.02	0.00	0.00	0	0	99	-1
299	133773	57	8204	-365	-67	18	2	-330	-410	-126	101180.77	30.19	12.02	0.00	0.00	0	0	99	-1
300	133783	51	8201	-362	-66	18	2	-332	-408	-126	101178.29	30.18	12.22	0.00	0.00	0	0	99	-1
301	133793	51	8202	-364	-66	18	3	-332	-404	-126	101178.29	30.18	12.22	0.00	0.00	0	0	99	-1
302	133803	47	8202	-369	-67	18	2	-337	-409	-125	101178.29	30.18	12.22	0.00	0.00	0	0	99	-1
303	133813	50	8200	-372	-67	18	2	-327	-405	-127	101181.77	30.19	11.93	0.00	0.00	0	0	99	-1
304	133823	50	8199	-378	-67	18	2	-334	-404	-126	101181.77	30.19	11.93	0.00	0.00	0	0	99	-1
305	133833	56	8199	-380	-67	17	2	-329	-405	-125	101181.77	30.19	11.93	0.00	0.00	0	0	99	-1
306	133843	50	8196	-376	-67	17	2	-328	-400	-122	101181.77	30.19	11.92	0.00	0.00	0	0	99	-1
307	133853	46	8196	-377	-66	17	2	-325	-407	-125	101181.94	30.19	11.92	0.00	0.00	0	0	99	-1
308	133873	53	8195	-373	-66	17	2	-321	-401	-125	101181.94	30.19	11.92	0.00	0.00	0	0	99	-1
309	133883	55	8199	-365	-66	17	2	-326	-408	-128	101181.94	30.19	11.70	0.00	0.00	0	0	99	-1
310	133903	58	8202	-363	-67	18	2	-332	-410	-122	101184.55	30.20	11.70	0.00	0.00	0	0	99	-1
311	133923	48	8205	-358	-66	18	3	-328	-408	-112	101182.38	30.20	11.88	0.00	0.00	0	0	99	-1
312	133933	45	8204	-357	-66	18	2	-335	-407	-115	101182.38	30.20	11.88	0.00	0.00	0	0	99	-1
313	133943	44	8202	-361	-66	18	2	-326	-408	-128	101182.38	30.20	11.88	0.00	0.00	0	0	99	-1
314	133953	46	8200	-357	-67	18	2	-327	-407	-129	101182.01	30.20	11.91	0.00	0.00	0	0	99	-1
315	133973	46	8196	-364	-66	18	2	-327	-409	-129	101182.01	30.20	11.91	0.00	0.00	0	0	99	-1
316	133983	46	8197	-364	-66	18	3	-330	-408	-124	101182.01	30.20	11.91	0.00	0.00	0	0	99	-1
317	133993	41	8198	-370	-66	18	3	-324	-404	-130	101181.00	30.20	12.00	0.00	0.00	0	0	99	-1
318	134003	41	8203	-374	-66	17	2	-327	-413	-125	101181.00	30.20	12.00	0.00	0.00	0	0	99	-1
319	134013	40	8202	-366	-66	17	2	-330	-412	-122	101181.00	30.20	12.00	0.00	0.00	0	0	99	-1
320	134023	46	8200	-375	-66	17	2	-326	-410	-126	101181.00	30.20	12.00	0.00	0.00	0	0	99	-1
321	134033	48	8197	-369	-66	17	2	-323	-405	-125	101181.27	30.19	11.97	0.00	0.00	0	0	99	-1
322	134043	56	8199	-370	-66	17	2	-330	-408	-116	101181.27	30.19	11.97	0.00	0.00	0	0	99	-1
323	134053	58	8194	-369	-65	18	2	-335	-405	-123	101181.27	30.19	11.97	0.00	0.00	0	0	99	-1
324	134063	60	8195	-366	-66	18	2	-336	-408	-116	101183.29	30.21	11.80	0.00	0.00	0	0	99	-1
325	134073	58	8195	-370	-66	18	2	-333	-415	-125	101183.29	30.21	11.80	0.00	0.00	0	0	99	-1
326	134083	57	8197	-376	-66	18	2	-334	-396	-118	101183.29	30.21	11.80	0.00	0.00	0	0	99	-1
327	134093	57	8195	-370	-66	18	2	-335	-407	-133	101183.29	30.20	11.83	0.00	0.00	0	0	99	-1
328	134113	51	8193	-364	-66	19	3	-334	-396	-128	101183.05	30.20	11.83	0.00	0.00	0	0	99	-1
329	134123	52	8193	-371	-66	19	2	-338	-404	-128	101183.05	30.20	11.83	0.00	0.00	0	0	99	-1
330	134133	46	8191	-368	-66	18	2	-332	-408	-122	101179.55	30.20	12.12	0.00	0.00	0	0	99	-1
331	134143	47	8196	-370	-66	18	2	-337	-409	-119	101179.55	30.20	12.12	0.00	0.00	0	0	99	-1
332	134153	47	8201	-368	-66	18	2	-325	-409	-123	101179.55	30.20	12.12	0.00	0.00	0	0	99	-1
333	134163	50	8198	-375	-66	18	2	-328	-400	-126	101179.55	30.20	12.12	0.00	0.00	0	0	99	-1
334	134173	48	8197	-370	-66	18	3	-330	-406	-124	101181.88	30.20	11.92	0.00	0.00	0	0	99	-1
335	134183	48	8199	-364	-66	19	3	-321	-413	-125	101181.88	30.20	11.92	0.00	0.00	0	0	99	-1
336	134193	45	8200	-365	-66	18	3	-327	-399	-131	101181.88	30.20	11.92	0.00	0.00	0	0	99	-1
337	134203	46	8200	-368	-66	19	3	-332	-404	-122	101182.05	30.20	11.91	0.00	0.00	0	0	99	-1
338	134213	45	8199	-369	-66	18	2	-328	-414	-130	101182.05	30.20	11.91	0.00	0.00	0	0	99	-1
339	134223	47	8202	-369	-66	18	2	-328	-408	-122	101182.05	30.20	11.91	0.00	0.00	0	0	99	-1
340	134233	45	8201	-367	-66	18	2	-327	-403	-129	101177.26	30.19	12.31	0.00	0.00	0	0	99	-1
341	134263	49	8196	-371	-66	18	2	-331	-407	-125	101177.26	30.19	12.31	0.00	0.00	0	0	99	-1
342	134283	56	8195	-376	-66	18	2	-329	-401	-123	101177.17	30.20	12.31	0.00	0.00	0	0	99	-1
343	134293	53	8198	-372	-66	18	2	-332	-404	-124	101177.17	30.20	12.31	0.00	0.00	0	0	99	-1
344	134303	50	8197	-371	-66	18	2	-333	-409	-127	101178.61	30.21	12.20	0.00	0.00	0	0	99	-1
345	134313	53	8194	-371	-66	18	2	-332	-408	-116	101178.61	30.21	12.20	0.00	0.00	0	0	99	-1
346	134333	55	8196	-375	-66	18	2	-323	-397	-123	101178.61	30.21	12.20	0.00	0.00	0	0	99	-1
347	134343	53	8197	-378	-66	18	3	-331	-407	-129	101178.84	30.20	12.18	0.00	0.00	0	0	99	-1
348	134353	50	8197	-378	-66	18	2	-330	-404	-124	101178.84	30.20	12.18	0.00	0.00	0	0	99	-1
349	134363	52	8193	-372	-66	18	3	-331	-411	-125	101178.84	30.20	12.18	0.00	0.00	0	0	99	-1
350	134373	50	8192	-371	-66	18	2	-334	-406	-132	101178.84	30.20	12.18	0.00	0.00	0	0	99	-1
351	134383	47	8192	-370	-66	18	3	-334	-402	-126	101176.43	30.19	12.38	0.00	0.00	0	0	99	-1
352	134393	47	8192	-369	-66	18	3	-327	-399	-123	101176.43	30.19	12.38	0.00	0.00	0	0	99	-1
353	134403	48	8187	-369	-66	18	3	-335	-399	-123	101176.43	30.19	12.38	0.00	0.00	0	0	99	-1
354	134413	49	8190	-369	-66	18	2	-328	-398	-126	101178.50	30.20	12.20	0.00	0.00	0	0	99	-1
355	134423	49	8194	-367	-66	18	2	-329	-411	-123	101178.50	30.20	12.20	0.00	0.00	0	0	99	-1
356	134433	51	8196	-375	-66	18	2	-324	-400	-132	101178.50	30.20	12.20	0.00	0.00	0	0	99	-1
357	134443	50	8195	-370	-67	18	3	-333	-413	-127	101178.50	30.20	12.20	0.00	0.00	0	0	99	-1
358	134453	50	8191	-365	-67	18	3	-331	-405	-123	101179.87	30.20	12.09	0.00	0.00	0	0	99	-1
359	134463	46	8194	-369	-67	18	2	-330	-402	-122	101179.87	30.20	12.09	0.00	0.00	0	0	99	-1
360	134473	42	8199	-369	-67	18	3	-330	-404	-128	101179.87	30.20	12.09	0.00	0.00	0	0	99	-1
361	134483	43	8200	-370	-66	17	3	-336	-404	-130	101180.78	30.21	12.01	0.00	0.00	0	0	99	-1
362	134493	44	8199	-374	-66	18	2	-334	-410	-128	101180.78	30.21	12.01	0.00	0.00	0	0	99	-1
363	134503	45	8207	-375	-66	17	3	-325	-415	-133	101180.78	30.21	12.01	0.00	0.00	0	0	99	-1
364	134513	48	8204	-380	-66	18	3	-329	-409	-121	101180.45	30.21	12.04	0.00	0.00	0	0	99	-1
365	134533	48	8204	-379	-66	17	3	-338	-406	-118	101180.45	30.21	12.04	0.00	0.00	0	0	99	-1
366	134543	47	8203	-373	-67	17	3	-322	-404	-122	101180.45	30.21	12.04	0.00	0.00	0	0	99	-1
367	134553	47	8201	-377	-67	18	3	-329	-401	-123	101180.20	30.19	12.06	0.00	0.00	0	0	99	-1
368	134563	50	8202	-378	-67	17	3	-332	-406	-116	101180.20	30.19	12.06	0.00	0.00	0	0	99	-1
369	134573	55	8200	-378	-67	17	3	-329	-403	-113	101180.20	30.19	12.06	0.00	0.00	0	0	99	-1
370	134583	54	8201	-372	-66	17	3	-322	-408	-126	101180.20	30.19	12.06	0.00	0.00	0	0	99	-1
371	134593	52	8197	-370	-66	18	3	-336	-406	-126	101178.70	30.19	12.19	0.00	0.00	0	0	99	-1
372	134623	51	8197	-376	-67	18	2	-336	-404	-128	101178.70	30.19	12.12	0.00	0.00	0	0	99	-1
373	134643	49	8195	-373	-66	18	2	-333	-405	-125	101181.00	30.20	12.00	0.00	0.00	0	0	99	-1
374	134653	53	8198	-374	-66	18	2	-325	-407	-121	101181.00	30.20	12.00	0.00	0.00	0	0	99	-1
375	134663	48	8199	-366	-66	18	2	-325	-405	-127	101183.69	30.21	11.77	0.00	0.00	0	0	99	-1
376	134673	49	8197	-372	-66	18	2	-325	-401	-129	101183.69	30.21	11.77	0.00	0.00	0	0	99	-1
377	134683	48	8196	-372	-67	18	2	-327	-413	-121	101183.69	30.21	11.77	0.00	0.00	0	0	99	-1
378	134693	47	8197	-371	-67	18	2	-323	-411	-125	101183.69	30.21	11.77	0.00	0.00	0	0	99	-1
379	134703	42	8199	-364	-66	18	2	-327	-405	-131	101177.77	30.19	12.27	0.00	0.00	0	0	99	-1
380	134713	40	8196	-366	-66	18	2	-328	-408	-128	101177.77	30.19	12.27	0.00	0.00	0	0	99	-1
381	134723	43	8196	-366	-66	18	2	-327	-401	-125	101177.77	30.19	12.27	0.00	0.00	0	0	99	-1
382	134733	38	8199	-369	-66	18	2	-333	-413	-127	101181.19	30.21	11.98	0.00	0.00	0	0	99	-1
383	134743	38	8198	-367	-66	17	2	-333	-411	-125	101181.19	30.21	11.98	0.00	0.00	0	0	99	-1
384	134753	38	8196	-374	-66	17	2	-330	-408	-124	101181.19	30.21	11.98	0.00	0.00	0	0	99	-1
385	134773	45	8194	-368	-66	17	2	-328	-406	-124	101181.63	30.21	11.94	0.00	0.00	0	0	99	-1
386	134783	44	8192	-367	-66	18	2	-328	-408	-130	101181.63	30.21	11.94	0.00	0.00	0	0	99	-1
387	134793	40	8192	-367	-66	18	2	-326	-410	-128	101181.63	30.21	11.94	0.00	0.00	0	0	99	-1
388	134803	46	8199	-369	-66	19	2	-329	-403	-121	101181.63	30.21	11.92	0.00	0.00	0	0	99	-1
389	134813	52	8202	-372	-67	19	2	-328	-400	-128	101181.95	30.21	11.92	0.00	0.00	0	0	99	-1
390	134823	59	8201	-368	-66	19	2	-325	-411	-127	101181.95	30.21	11.92	0.00	0.00	0	0	99	-1
391	134833	59	8200	-372	-66	19	2	-325	-401	-123	101181.95	30.21	11.92	0.00	0.00	0	0	99	-1
392	134843	60	8198	-369	-66	18	2	-323	-403	-125	101182.19	30.21	11.90	0.00	0.00	0	0	99	-1
393	134853	58	8195	-366	-66	18	2	-336	-406	-122	101182.19	30.21	11.90	0.00	0.00	0	0	99	-1
394	134863	58	8198	-368	-66	18	2	-330	-406	-126	101182.19	30.21	11.90	0.00	0.00	0	0	99	-1
395	134873	59	8197	-368	-66	18	2	-329	-401	-127	101179.45	30.21	12.12	0.00	0.00	0	0	99	-1
396	134883	59	8193	-372	-66	17	2	-331	-403	-123	101179.45	30.21	12.12	0.00	0.00	0	0	99	-1
397	134893	60	8195	-366	-67	17	3	-329	-409	-123	101179.45	30.21	12.12	0.00	0.00	0	0	99	-1
398	134913	54	8191	-374	-67	17	3	-329	-397	-127	101176.12	30.18	12.40	0.00	0.00	0	0	99	-1
399	134923	55	8191	-371	-66	17	2	-337	-397	-123	101176.12	30.18	12.40	0.00	0.00	0	0	99	-1
400	134933	52	8195	-371	-67	17	3	-331	-405	-127	101176.12	30.18	12.40	0.00	0.00	0	0	99	-1
401	134943	49	8198	-372	-66	17	3	-337	-413	-121	101176.12	30.18	12.25	0.00	0.00	0	0	99	-1
402	134953	45	8199	-374	-66	17	3	-323	-405	-121	101180.88	30.20	12.01	0.00	0.00	0	0	99	-1
403	134973	45	8200	-366	-66	18	2	-333	-409	-125	101180.88	30.20	12.01	0.00	0.00	0	0	99	-1
404	134993	42	8203	-369	-67	18	2	-330	-406	-132	101183.09	30.22	11.82	0.00	0.00	0	0	99	-1
405	135013	50	8204	-373	-67	18	2	-334	-412	-126	101183.09	30.22	11.98	0.00	0.00	0	0	99	-1
406	135023	49	8201	-365	-67	18	2	-328	-402	-120	101181.19	30.21	11.98	0.00	0.00	0	0	99	-1
407	135033	49	8196	-370	-66	18	2	-339	-405	-123	101181.19	30.21	11.98	0.00	0.00	0	0	99	-1
408	135043	52	8201	-368	-66	17	2	-323	-407	-125	101181.19	30.21	11.98	0.00	0.00	0	0	99	-1
409	135053	53	8200	-368	-66	17	2	-328	-404	-126	101182.02	30.21	11.91	0.00	0.00	0	0	99	-1
410	135063	55	8197	-365	-66	18	2	-337	-401	-123	101182.02	30.21	11.91	0.00	0.00	0	0	99	-1
411	135073	55	8199	-365	-66	17	2	-325	-407	-133	101182.02	30.21	11.91	0.00	0.00	0	0	99	-1
412	135083	56	8196	-369	-66	17	2	-330	-408	-126	101180.88	30.20	12.01	0.00	0.00	0	0	99	-1
413	135093	58	8197	-373	-66	17	2	-336	-408	-126	101180.88	30.20	12.01	0.00	0.00	0	0	99	-1
414	135103	59	8200	-373	-66	18	2	-333	-401	-123	101180.88	30.20	12.01	0.00	0.00	0	0	99	-1
415	135113	58	8200	-375	-67	18	2	-335	-401	-125	101178.55	30.20	12.26	0.00	0.00	0	0	99	-1
416	135123	56	8199	-375	-66	17	2	-330	-410	-120	101177.83	30.20	12.26	0.00	0.00	0	0	99	-1
417	135133	54	8197	-375	-66	17	2	-326	-400	-128	101177.83	30.20	12.26	0.00	0.00	0	0	99	-1
418	135153	53	8199	-371	-66	18	2	-329	-403	-123	101180.52	30.21	12.04	0.00	0.00	0	0	99	-1
419	135163	54	8198	-371	-66	17	3	-327	-399	-125	101180.52	30.21	12.04	0.00	0.00	0	0	99	-1
420	135173	52	8197	-372	-67	17	3	-325	-411	-123	101180.52	30.21	12.04	0.00	0.00	0	0	99	-1
421	135183	50	8198	-372	-66	17	3	-324	-410	-126	101182.36	30.20	12.01	0.00	0.00	0	0	99	-1
422	135193	47	8199	-374	-66	17	2	-328	-414	-122	101180.88	30.20	12.01	0.00	0.00	0	0	99	-1
423	135203	48	8201	-377	-66	17	3	-328	-400	-122	101180.88	30.20	12.01	0.00	0.00	0	0	99	-1
424	135223	49	8198	-375	-66	18	2	-323	-409	-125	101183.02	30.21	11.83	0.00	0.00	0	0	99	-1
425	135233	47	8198	-374	-66	18	2	-335	-403	-129	101183.02	30.21	11.83	0.00	0.00	0	0	99	-1
426	135243	45	8200	-374	-66	18	2	-330	-408	-126	101183.02	30.21	11.83	0.00	0.00	0	0	99	-1
427	135253	49	8195	-374	-66	18	2	-331	-401	-121	101183.02	30.21	11.83	0.00	0.00	0	0	99	-1
428	135263	52	8198	-376	-66	18	2	-332	-404	-126	101181.28	30.21	11.97	0.00	0.00	0	0	99	-1
429	135273	49	8196	-372	-66	18	2	-337	-401	-127	101181.28	30.21	11.97	0.00	0.00	0	0	99	-1
430	135283	50	8199	-373	-66	18	2	-329	-403	-123	101181.28	30.21	11.97	0.00	0.00	0	0	99	-1
431	135293	50	8201	-372	-66	18	2	-328	-404	-116	101178.55	30.20	12.20	0.00	0.00	0	0	99	-1
432	135303	50	8201	-372	-66	18	2	-337	-405	-131	101178.55	30.20	12.20	0.00	0.00	0	0	99	-1
433	135313	51	8202	-373	-66	18	2	-336	-410	-122	101178.55	30.20	12.20	0.00	0.00	0	0	99	-1
434	135373	50	8201	-374	-66	18	2	-329	-401	-127	101182.07	30.23	11.91	0.00	0.00	0	0	99	-1
435	135393	52	8199	-362	-67	19	2	-334	-402	-114	101182.07	30.23	11.91	0.00	0.00	0	0	99	-1
436	135423	47	8201	-361	-67	17	2	-334	-408	-128	101180.66	30.22	12.02	0.00	0.00	0	0	99	-1
437	135433	48	8200	-365	-66	17	2	-333	-405	-127	101180.66	30.22	12.02	0.00	0.00	0	0	99	-1
438	135443	47	8202	-370	-66	17	2	-327	-409	-131	101182.07	30.23	11.91	0.00	0.00	0	0	99	-1
439	135453	47	8201	-366	-67	17	2	-335	-409	-125	101182.07	30.23	11.91	0.00	0.00	0	0	99	-1
440	135463	48	8198	-364	-66	16	2	-329	-413	-121	101182.07	30.23	11.91	0.00	0.00	0	0	99	-1
441	135473	48	8196	-368	-66	17	2	-322	-412	-122	101182.16	30.22	11.90	0.00	0.00	0	0	99	-1
442	135503	45	8196	-362	-66	17	2	-331	-407	-125	101182.16	30.22	11.90	0.00	0.00	0	0	99	-1
443	135513	44	8198	-366	-66	17	2	-329	-405	-129	101181.19	30.21	11.98	0.00	0.00	0	0	99	-1
444	135523	46	8201	-367	-66	17	2	-330	-406	-116	101181.19	30.21	11.98	0.00	0.00	0	0	99	-1
445	135533	49	8202	-373	-66	17	2	-335	-415	-129	101181.19	30.21	11.98	0.00	0.00	0	0	99	-1
446	135543	43	8197	-373	-66	17	2	-331	-401	-125	101180.66	30.22	12.02	0.00	0.00	0	0	99	-1
447	135553	47	8196	-370	-66	17	2	-326	-410	-124	101180.66	30.22	12.02	0.00	0.00	0	0	99	-1
448	135563	50	8193	-366	-66	17	2	-327	-397	-131	101180.66	30.22	12.02	0.00	0.00	0	0	99	-1
449	135583	51	8194	-372	-66	18	2	-332	-404	-118	101181.36	30.21	11.97	0.00	0.00	0	0	99	-1
450	135593	48	8196	-374	-66	18	2	-329	-399	-127	101181.36	30.21	11.97	0.00	0.00	0	0	99	-1
451	135603	49	8196	-377	-66	18	2	-333	-411	-123	101181.36	30.21	11.97	0.00	0.00	0	0	99	-1
452	135613	52	8199	-377	-66	18	2	-328	-408	-118	101181.36	30.21	11.97	0.00	0.00	0	0	99	-1
453	135623	48	8197	-378	-66	18	2	-318	-402	-132	101177.20	30.20	12.31	0.00	0.00	0	0	99	-1
454	135633	46	8195	-379	-66	18	2	-331	-405	-125	101177.20	30.20	12.31	0.00	0.00	0	0	99	-1
455	135643	46	8192	-373	-66	18	3	-334	-396	-120	101177.20	30.20	12.20	0.00	0.00	0	0	99	-1
456	135653	50	8194	-374	-66	18	3	-339	-397	-119	101181.50	30.22	11.95	0.00	0.00	0	0	99	-1
457	135663	49	8193	-374	-66	18	3	-328	-404	-126	101181.50	30.22	11.95	0.00	0.00	0	0	99	-1
458	135673	53	8191	-377	-66	18	3	-342	-406	-126	101181.50	30.22	11.95	0.00	0.00	0	0	99	-1
459	135683	53	8192	-375	-66	17	3	-335	-403	-129	101182.16	30.22	11.90	0.00	0.00	0	0	99	-1
460	135693	47	8192	-370	-66	18	2	-334	-410	-124	101182.16	30.22	11.90	0.00	0.00	0	0	99	-1
461	135703	43	8192	-366	-66	18	3	-331	-405	-125	101182.16	30.22	11.90	0.00	0.00	0	0	99	-1
462	135723	48	8194	-370	-66	18	3	-338	-400	-124	101177.55	30.20	12.28	0.00	0.00	0	0	99	-1
463	135733	48	8199	-375	-66	17	3	-320	-408	-136	101177.55	30.20	12.28	0.00	0.00	0	0	99	-1
464	135743	49	8199	-378	-66	17	2	-324	-402	-122	101177.55	30.20	12.28	0.00	0.00	0	0	99	-1
465	135763	50	8196	-376	-66	17	2	-329	-409	-125	101181.02	30.21	11.99	0.00	0.00	0	0	99	-1
466	135793	48	8193	-380	-66	18	2	-332	-408	-124	101184.17	30.22	11.73	0.00	0.00	0	0	99	-1
467	135803	46	8197	-380	-66	18	2	-326	-406	-128	101184.17	30.22	11.73	0.00	0.00	0	0	99	-1
468	135813	47	8199	-380	-66	18	2	-330	-402	-128	101184.17	30.22	11.73	0.00	0.00	0	0	99	-1
469	135823	50	8198	-377	-66	18	2	-329	-407	-127	101181.86	30.21	11.92	0.00	0.00	0	0	99	-1
470	135833	50	8197	-374	-66	18	2	-331	-407	-131	101181.86	30.21	11.92	0.00	0.00	0	0	99	-1
471	135843	51	8194	-367	-66	18	2	-336	-404	-130	101181.86	30.21	11.92	0.00	0.00	0	0	99	-1
472	135853	53	8199	-369	-66	17	3	-335	-401	-123	101181.86	30.21	11.92	0.00	0.00	0	0	99	-1
473	135863	53	8199	-372	-66	18	3	-327	-411	-117	101177.95	30.21	12.25	0.00	0.00	0	0	99	-1
474	135873	52	8201	-370	-66	18	3	-322	-412	-126	101177.95	30.21	12.25	0.00	0.00	0	0	99	-1
475	135893	54	8202	-366	-66	18	3	-327	-405	-127	101177.95	30.21	12.25	0.00	0.00	0	0	99	-1
476	135903	53	8199	-368	-66	18	2	-332	-402	-128	101177.45	30.21	12.29	0.00	0.00	0	0	99	-1
477	135913	52	8192	-367	-66	18	2	-327	-413	-125	101177.45	30.21	12.29	0.00	0.00	0	0	99	-1
478	135923	55	8194	-364	-66	18	2	-339	-407	-127	101177.45	30.21	12.29	0.00	0.00	0	0	99	-1
479	135933	57	8195	-366	-66	18	3	-321	-413	-125	101177.45	30.21	11.87	0.00	0.00	0	0	99	-1
480	135943	53	8196	-368	-66	18	3	-328	-400	-114	101182.45	30.21	11.87	0.00	0.00	0	0	99	-1
481	135953	53	8194	-373	-66	18	3	-328	-408	-122	101182.45	30.21	11.87	0.00	0.00	0	0	99	-1
482	135963	52	8197	-378	-66	17	2	-329	-407	-115	101182.45	30.23	11.72	0.00	0.00	0	0	99	-1
483	135973	50	8199	-375	-66	18	2	-328	-402	-116	101184.28	30.23	11.72	0.00	0.00	0	0	99	-1
484	135983	47	8201	-379	-66	18	2	-330	-410	-122	101184.28	30.23	11.72	0.00	0.00	0	0	99	-1
485	135993	48	8203	-373	-66	17	2	-332	-404	-130	101184.28	30.23	11.72	0.00	0.00	0	0	99	-1
486	136003	50	8203	-376	-66	18	2	-334	-410	-120	101180.66	30.22	12.02	0.00	0.00	0	0	99	-1
487	136013	48	8205	-380	-66	18	2	-335	-415	-127	101180.66	30.22	12.02	0.00	0.00	0	0	99	-1
488	136023	47	8200	-371	-66	18	2	-328	-410	-126	101180.66	30.22	12.02	0.00	0.00	0	0	99	-1
489	136033	47	8198	-372	-66	18	3	-328	-410	-126	101179.35	30.21	12.13	0.00	0.00	0	0	99	-1
490	136043	48	8197	-373	-66	18	3	-322	-408	-120	101179.35	30.21	12.13	0.00	0.00	0	0	99	-1
491	136053	48	8197	-366	-66	17	2	-327	-411	-131	101179.35	30.21	12.13	0.00	0.00	0	0	99	-1
492	136063	51	8197	-370	-66	17	2	-322	-404	-136	101179.35	30.21	12.13	0.00	0.00	0	0	99	-1
493	136073	49	8193	-371	-66	17	2	-325	-411	-121	101181.83	30.22	11.93	0.00	0.00	0	0	99	-1
494	136093	50	8193	-373	-66	17	2	-327	-407	-123	101181.83	30.22	11.93	0.00	0.00	0	0	99	-1
495	136103	49	8195	-373	-66	17	2	-333	-405	-125	101181.83	30.22	11.93	0.00	0.00	0	0	99	-1
496	136123	52	8200	-380	-66	17	2	-333	-407	-129	101180.36	30.21	12.05	0.00	0.00	0	0	99	-1
497	136153	51	8195	-374	-66	18	1	-332	-398	-134	101184.12	30.23	11.74	0.00	0.00	0	0	99	-1
498	136163	47	8193	-371	-66	17	2	-330	-412	-120	101184.12	30.23	11.74	0.00	0.00	0	0	99	-1
499	136173	50	8189	-373	-66	17	2	-329	-409	-123	101184.12	30.23	11.74	0.00	0.00	0	0	99	-1
500	136183	46	8192	-368	-66	18	2	-333	-403	-123	101181.84	30.24	11.93	0.00	0.00	0	0	99	-1
501	136193	47	8198	-358	-66	18	2	-328	-408	-122	101181.84	30.24	11.93	0.00	0.00	0	0	99	-1
502	136203	53	8200	-361	-66	18	2	-327	-405	-125	101181.84	30.24	11.93	0.00	0.00	0	0	99	-1
503	136213	53	8202	-365	-66	18	2	-336	-404	-126	101180.66	30.22	12.02	0.00	0.00	0	0	99	-1
504	136223	49	8199	-367	-66	19	2	-335	-399	-125	101180.66	30.22	12.02	0.00	0.00	0	0	99	-1
505	136233	51	8201	-369	-66	18	2	-333	-399	-131	101180.66	30.22	12.02	0.00	0.00	0	0	99	-1
506	136243	47	8197	-370	-66	18	2	-328	-404	-122	101180.66	30.22	12.02	0.00	0.00	0	0	99	-1
507	136253	51	8196	-370	-67	18	2	-339	-407	-123	101179.09	30.22	12.15	0.00	0.00	0	0	99	-1
508	136273	52	8195	-362	-66	17	2	-326	-406	-130	101179.09	30.22	12.15	0.00	0.00	0	0	99	-1
509	136283	50	8196	-363	-66	17	2	-326	-404	-120	101179.09	30.22	12.15	0.00	0.00	0	0	99	-1
510	136293	55	8197	-362	-66	17	2	-333	-409	-121	101176.95	30.21	12.33	0.00	0.00	0	0	99	-1
511	136303	52	8199	-373	-67	17	2	-326	-406	-128	101176.95	30.21	12.33	0.00	0.00	0	0	99	-1
512	136313	54	8200	-372	-66	17	3	-335	-409	-125	101176.95	30.21	12.33	0.00	0.00	0	0	99	-1
513	136323	55	8201	-369	-66	18	2	-329	-409	-121	101179.33	30.22	12.14	0.00	0.00	0	0	99	-1
514	136333	52	8200	-371	-66	17	2	-329	-405	-127	101179.33	30.22	12.14	0.00	0.00	0	0	99	-1
515	136343	47	8196	-372	-66	17	2	-326	-402	-122	101179.33	30.22	12.14	0.00	0.00	0	0	99	-1
516	136353	47	8196	-373	-66	17	2	-331	-401	-121	101180.83	30.22	12.01	0.00	0.00	0	0	99	-1
517	136363	47	8196	-375	-66	18	2	-330	-416	-122	101180.83	30.22	12.01	0.00	0.00	0	0	99	-1
518	136373	49	8196	-375	-66	18	2	-330	-410	-126	101180.83	30.22	12.01	0.00	0.00	0	0	99	-1
519	136383	56	8197	-373	-67	18	2	-333	-405	-125	101180.83	30.22	12.01	0.00	0.00	0	0	99	-1
520	136403	53	8195	-373	-66	17	2	-330	-404	-128	101177.42	30.22	12.29	0.00	0.00	0	0	99	-1
521	136413	50	8192	-373	-67	17	2	-332	-408	-122	101177.42	30.22	12.29	0.00	0.00	0	0	99	-1
522	136423	48	8193	-372	-67	17	2	-333	-409	-127	101177.42	30.22	12.29	0.00	0.00	0	0	99	-1
523	136433	48	8195	-370	-67	18	2	-336	-402	-130	101181.19	30.24	11.98	0.00	0.00	0	0	99	-1
524	136443	49	8195	-374	-66	17	2	-332	-406	-130	101181.19	30.24	11.98	0.00	0.00	0	0	99	-1
525	136453	53	8199	-375	-67	17	2	-336	-402	-116	101181.19	30.24	11.98	0.00	0.00	0	0	99	-1
526	136463	56	8200	-374	-66	17	2	-323	-405	-123	101181.19	30.21	12.23	0.00	0.00	0	0	99	-1
527	136493	49	8204	-355	-66	17	2	-336	-404	-114	101178.19	30.21	12.23	0.00	0.00	0	0	99	-1
528	136513	47	8207	-367	-66	18	2	-334	-406	-122	101181.61	30.23	11.94	0.00	0.00	0	0	99	-1
529	136523	51	8205	-371	-66	18	2	-335	-405	-125	101181.61	30.23	11.94	0.00	0.00	0	0	99	-1
530	136533	52	8208	-375	-66	17	2	-323	-403	-129	101184.19	30.24	11.73	0.00	0.00	0	0	99	-1
531	136543	51	8202	-380	-66	17	2	-335	-403	-117	101184.19	30.24	11.73	0.00	0.00	0	0	99	-1
532	136563	48	8195	-375	-66	17	2	-331	-407	-131	101184.19	30.24	11.73	0.00	0.00	0	0	99	-1
533	136573	49	8194	-370	-66	18	2	-334	-408	-126	101180.66	30.22	12.02	0.00	0.00	0	0	99	-1
534	136583	51	8193	-369	-66	18	2	-335	-399	-123	101180.66	30.22	12.02	0.00	0.00	0	0	99	-1
535	136593	50	8194	-374	-66	18	2	-338	-408	-120	101180.66	30.22	12.02	0.00	0.00	0	0	99	-1
536	136603	56	8195	-373	-66	18	2	-329	-403	-127	101180.66	30.22	12.02	0.00	0.00	0	0	99	-1
537	136613	54	8196	-361	-66	17	2	-334	-404	-126	101180.33	30.22	12.05	0.00	0.00	0	0	99	-1
538	136623	51	8198	-356	-67	17	2	-325	-407	-129	101180.33	30.22	12.05	0.00	0.00	0	0	99	-1
539	136633	56	8196	-367	-66	17	2	-327	-399	-121	101180.33	30.22	11.92	0.00	0.00	0	0	99	-1
540	136643	57	8194	-365	-67	17	2	-328	-410	-120	101181.95	30.23	11.92	0.00	0.00	0	0	99	-1
541	136653	57	8196	-371	-66	18	2	-330	-410	-136	101181.95	30.23	11.92	0.00	0.00	0	0	99	-1
542	136663	57	8194	-371	-67	18	2	-326	-400	-132	101181.95	30.23	11.92	0.00	0.00	0	0	99	-1
543	136673	59	8195	-372	-66	18	2	-328	-402	-126	101181.84	30.24	11.93	0.00	0.00	0	0	99	-1
544	136683	53	8195	-380	-67	18	2	-327	-405	-127	101181.84	30.24	11.93	0.00	0.00	0	0	99	-1
545	136693	55	8195	-368	-66	17	2	-340	-406	-132	101181.84	30.24	11.93	0.00	0.00	0	0	99	-1
546	136703	53	8195	-372	-66	17	2	-335	-405	-121	101177.99	30.22	12.25	0.00	0.00	0	0	99	-1
547	136723	53	8193	-372	-67	17	2	-335	-411	-119	101177.99	30.22	12.25	0.00	0.00	0	0	99	-1
548	136733	53	8193	-362	-66	18	2	-331	-407	-133	101177.99	30.22	12.25	0.00	0.00	0	0	99	-1
549	136743	54	8195	-364	-66	18	2	-326	-410	-124	101177.99	30.22	12.25	0.00	0.00	0	0	99	-1
550	136753	52	8198	-369	-66	18	2	-336	-410	-120	101178.49	30.22	12.21	0.00	0.00	0	0	99	-1
551	136763	50	8196	-368	-66	17	2	-334	-400	-120	101178.49	30.22	12.21	0.00	0.00	0	0	99	-1
552	136773	51	8199	-359	-66	18	1	-318	-398	-122	101178.49	30.22	12.01	0.00	0.00	0	0	99	-1
553	136783	53	8195	-362	-66	18	1	-335	-407	-129	101183.76	30.24	11.77	0.00	0.00	0	0	99	-1
554	136793	52	8195	-364	-67	18	2	-330	-404	-124	101183.76	30.24	11.77	0.00	0.00	0	0	99	-1
555	136803	46	8192	-364	-67	18	1	-333	-409	-123	101183.76	30.24	11.77	0.00	0.00	0	0	99	-1
556	136813	42	8196	-368	-67	17	1	-329	-409	-125	101181.68	30.24	11.94	0.00	0.00	0	0	99	-1
557	136823	47	8193	-372	-67	17	1	-335	-401	-127	101181.68	30.24	11.94	0.00	0.00	0	0	99	-1
558	136853	52	8192	-369	-67	18	2	-335	-403	-127	101182.95	30.23	11.83	0.00	0.00	0	0	99	-1
559	136873	57	8192	-373	-66	17	2	-332	-406	-128	101182.95	30.23	11.83	0.00	0.00	0	0	99	-1
560	136883	50	8190	-373	-66	18	2	-326	-394	-118	101183.49	30.25	11.79	0.00	0.00	0	0	99	-1
561	136893	47	8190	-369	-66	18	2	-339	-411	-131	101183.49	30.25	11.79	0.00	0.00	0	0	99	-1
562	136903	48	8191	-370	-66	17	2	-325	-405	-123	101183.49	30.25	11.79	0.00	0.00	0	0	99	-1
563	136913	47	8190	-372	-66	17	2	-327	-409	-123	101183.49	30.25	11.79	0.00	0.00	0	0	99	-1
564	136923	49	8191	-378	-66	18	2	-334	-406	-124	101178.39	30.23	12.21	0.00	0.00	0	0	99	-1
565	136943	53	8194	-376	-66	18	2	-334	-410	-128	101178.39	30.23	12.21	0.00	0.00	0	0	99	-1
566	136953	54	8192	-371	-66	17	1	-335	-407	-125	101178.39	30.23	12.21	0.00	0.00	0	0	99	-1
567	136963	57	8194	-368	-66	18	1	-330	-404	-122	101182.75	30.24	11.85	0.00	0.00	0	0	99	-1
568	136973	53	8198	-363	-66	18	1	-328	-412	-130	101182.75	30.24	11.85	0.00	0.00	0	0	99	-1
569	136983	48	8194	-360	-66	19	2	-329	-405	-127	101182.75	30.24	11.85	0.00	0.00	0	0	99	-1
570	136993	45	8195	-365	-66	19	2	-328	-404	-120	101182.75	30.24	11.99	0.00	0.00	0	0	99	-1
571	137003	49	8198	-369	-67	19	2	-331	-411	-129	101181.02	30.24	11.99	0.00	0.00	0	0	99	-1
572	137013	47	8196	-370	-66	19	2	-329	-405	-127	101181.02	30.24	11.99	0.00	0.00	0	0	99	-1
573	137023	49	8196	-372	-66	19	2	-331	-407	-127	101181.02	30.24	12.06	0.00	0.00	0	0	99	-1
574	137033	52	8195	-369	-66	19	3	-334	-400	-130	101180.18	30.24	12.06	0.00	0.00	0	0	99	-1
575	137043	53	8199	-368	-67	18	2	-325	-405	-121	101180.18	30.24	12.06	0.00	0.00	0	0	99	-1
576	137053	52	8195	-363	-66	18	2	-333	-407	-127	101180.18	30.24	12.06	0.00	0.00	0	0	99	-1
577	137063	55	8193	-365	-66	18	2	-330	-402	-128	101182.23	30.25	11.89	0.00	0.00	0	0	99	-1
578	137083	54	8191	-366	-67	18	2	-327	-401	-119	101182.23	30.25	11.89	0.00	0.00	0	0	99	-1
579	137093	55	8190	-370	-67	18	2	-329	-405	-125	101182.23	30.25	11.89	0.00	0.00	0	0	99	-1
580	137103	51	8193	-368	-66	18	3	-334	-408	-126	101177.44	30.23	12.29	0.00	0.00	0	0	99	-1
581	137113	49	8193	-369	-67	18	2	-328	-412	-124	101177.44	30.23	12.29	0.00	0.00	0	0	99	-1
582	137123	50	8194	-365	-67	18	2	-325	-413	-129	101177.44	30.23	12.29	0.00	0.00	0	0	99	-1
583	137133	45	8191	-359	-67	18	2	-329	-415	-123	101177.44	30.23	12.24	0.00	0.00	0	0	99	-1
584	137143	49	8192	-365	-67	17	2	-326	-410	-128	101178.11	30.23	12.24	0.00	0.00	0	0	99	-1
585	137153	47	8189	-370	-67	18	2	-333	-415	-127	101178.11	30.23	12.24	0.00	0.00	0	0	99	-1
586	137163	44	8191	-370	-66	17	2	-332	-412	-126	101177.44	30.25	12.05	0.00	0.00	0	0	99	-1
587	137173	44	8193	-372	-66	18	2	-325	-407	-125	101180.39	30.25	12.05	0.00	0.00	0	0	99	-1
588	137183	48	8194	-368	-66	17	2	-328	-404	-128	101180.39	30.25	12.05	0.00	0.00	0	0	99	-1
589	137213	52	8194	-372	-67	18	2	-331	-405	-125	101177.91	30.24	12.25	0.00	0.00	0	0	99	-1
590	137243	48	8196	-378	-67	18	2	-326	-406	-114	101179.82	30.25	12.09	0.00	0.00	0	0	99	-1
591	137253	49	8197	-374	-67	18	2	-329	-401	-125	101179.82	30.25	12.09	0.00	0.00	0	0	99	-1
592	137263	51	8198	-375	-67	19	2	-325	-401	-131	101179.82	30.25	12.09	0.00	0.00	0	0	99	-1
593	137273	52	8198	-377	-67	19	2	-330	-404	-122	101179.82	30.25	12.09	0.00	0.00	0	0	99	-1
594	137283	52	8196	-379	-66	19	2	-333	-411	-127	101177.84	30.24	12.26	0.00	0.00	0	0	99	-1
595	137293	55	8200	-377	-66	18	3	-329	-403	-129	101177.84	30.24	12.26	0.00	0.00	0	0	99	-1
596	137303	49	8197	-373	-66	19	2	-332	-400	-126	101177.84	30.24	12.26	0.00	0.00	0	0	99	-1
597	137313	50	8198	-373	-66	18	2	-331	-407	-123	101180.56	30.25	12.03	0.00	0.00	0	0	99	-1
598	137323	52	8196	-374	-67	18	2	-328	-400	-122	101180.56	30.25	12.03	0.00	0.00	0	0	99	-1
599	137333	52	8199	-372	-67	18	2	-341	-405	-119	101180.56	30.25	12.03	0.00	0.00	0	0	99	-1
600	137343	52	8200	-377	-67	18	2	-327	-403	-119	101182.06	30.25	11.91	0.00	0.00	0	0	99	-1
601	137353	51	8196	-373	-67	18	2	-321	-411	-123	101182.06	30.25	11.91	0.00	0.00	0	0	99	-1
602	137363	46	8193	-376	-67	18	2	-330	-402	-128	101182.06	30.25	11.91	0.00	0.00	0	0	99	-1
603	137373	47	8191	-375	-67	18	2	-323	-405	-125	101178.92	30.24	12.17	0.00	0.00	0	0	99	-1
604	137383	49	8193	-379	-67	18	2	-332	-406	-118	101178.92	30.24	12.17	0.00	0.00	0	0	99	-1
605	137393	48	8194	-378	-67	18	3	-330	-406	-120	101178.92	30.24	12.17	0.00	0.00	0	0	99	-1
606	137403	48	8198	-381	-67	19	2	-331	-397	-125	101178.92	30.24	12.17	0.00	0.00	0	0	99	-1
607	137423	50	8196	-374	-67	19	2	-331	-411	-127	101180.34	30.24	12.05	0.00	0.00	0	0	99	-1
608	137433	47	8193	-371	-67	19	2	-325	-405	-123	101180.34	30.24	12.05	0.00	0.00	0	0	99	-1
609	137443	49	8193	-371	-66	19	2	-327	-409	-123	101180.34	30.24	12.05	0.00	0.00	0	0	99	-1
610	137453	52	8192	-373	-67	19	2	-328	-404	-118	101181.33	30.25	11.97	0.00	0.00	0	0	99	-1
611	137463	50	8192	-374	-67	18	2	-328	-410	-116	101181.33	30.25	11.97	0.00	0.00	0	0	99	-1
612	137473	51	8195	-373	-67	18	2	-331	-401	-129	101181.33	30.25	11.97	0.00	0.00	0	0	99	-1
613	137483	48	8194	-374	-66	18	2	-327	-405	-129	101181.33	30.27	11.78	0.00	0.00	0	0	99	-1
614	137493	47	8190	-371	-67	18	2	-328	-404	-128	101183.61	30.27	11.78	0.00	0.00	0	0	99	-1
615	137503	52	8191	-371	-66	18	2	-332	-406	-120	101183.61	30.27	11.78	0.00	0.00	0	0	99	-1
616	137513	53	8194	-367	-66	18	2	-332	-416	-120	101183.61	30.27	11.78	0.00	0.00	0	0	99	-1
617	137523	55	8196	-361	-66	17	2	-330	-412	-120	101180.89	30.25	12.00	0.00	0.00	0	0	99	-1
618	137533	51	8195	-367	-66	18	2	-329	-413	-131	101180.89	30.25	12.00	0.00	0.00	0	0	99	-1
619	137543	48	8193	-368	-66	18	2	-324	-406	-120	101180.89	30.25	12.00	0.00	0.00	0	0	99	-1
620	137573	46	8197	-370	-66	17	3	-333	-399	-133	101180.39	30.25	12.05	0.00	0.00	0	0	99	-1
621	137593	50	8193	-358	-66	18	2	-335	-401	-129	101186.37	30.26	11.55	0.00	0.00	0	0	99	-1
622	137613	50	8198	-358	-67	18	2	-328	-398	-122	101186.37	30.26	11.55	0.00	0.00	0	0	99	-1
623	137623	50	8196	-365	-67	19	2	-329	-417	-123	101186.37	30.26	11.55	0.00	0.00	0	0	99	-1
624	137633	49	8199	-366	-67	18	1	-328	-402	-128	101179.56	30.25	12.12	0.00	0.00	0	0	99	-1
625	137643	53	8198	-360	-67	18	2	-337	-405	-125	101179.56	30.25	12.12	0.00	0.00	0	0	99	-1
626	137653	51	8196	-358	-67	18	2	-321	-409	-123	101179.56	30.25	12.12	0.00	0.00	0	0	99	-1
627	137663	48	8197	-359	-66	18	2	-331	-411	-119	101181.56	30.25	11.95	0.00	0.00	0	0	99	-1
628	137683	49	8199	-363	-67	18	2	-331	-409	-121	101181.56	30.25	11.95	0.00	0.00	0	0	99	-1
629	137693	51	8199	-363	-66	17	2	-324	-400	-128	101181.56	30.25	11.95	0.00	0.00	0	0	99	-1
630	137703	53	8200	-367	-66	18	2	-330	-404	-122	101181.33	30.25	11.97	0.00	0.00	0	0	99	-1
631	137713	50	8199	-368	-66	18	2	-330	-406	-116	101181.33	30.25	11.97	0.00	0.00	0	0	99	-1
632	137723	52	8199	-365	-66	18	2	-328	-410	-122	101181.33	30.25	11.97	0.00	0.00	0	0	99	-1
633	137733	51	8202	-368	-66	18	2	-329	-415	-121	101181.33	30.25	11.97	0.00	0.00	0	0	99	-1
634	137743	47	8199	-368	-66	18	2	-332	-414	-132	101177.48	30.25	12.29	0.00	0.00	0	0	99	-1
635	137753	45	8199	-368	-66	18	2	-334	-406	-126	101177.48	30.25	12.29	0.00	0.00	0	0	99	-1
636	137763	46	8201	-365	-66	19	2	-329	-405	-127	101177.48	30.25	12.00	0.00	0.00	0	0	99	-1
637	137773	47	8201	-369	-66	18	2	-335	-407	-125	101180.99	30.26	12.00	0.00	0.00	0	0	99	-1
638	137783	45	8203	-364	-66	18	3	-336	-408	-128	101180.99	30.26	12.00	0.00	0.00	0	0	99	-1
639	137793	45	8200	-366	-66	18	2	-328	-408	-126	101180.99	30.26	12.00	0.00	0.00	0	0	99	-1
640	137803	48	8200	-371	-66	18	2	-326	-406	-130	101181.53	30.26	11.95	0.00	0.00	0	0	99	-1
641	137823	48	8201	-371	-66	17	3	-337	-407	-125	101181.53	30.26	11.95	0.00	0.00	0	0	99	-1
642	137833	48	8201	-373	-66	17	2	-328	-406	-126	101181.53	30.26	11.95	0.00	0.00	0	0	99	-1
643	137843	48	8203	-375	-66	17	3	-319	-409	-123	101180.59	30.24	12.03	0.00	0.00	0	0	99	-1
644	137853	48	8204	-373	-66	17	2	-329	-401	-123	101180.59	30.24	12.03	0.00	0.00	0	0	99	-1
645	137863	52	8199	-372	-66	18	2	-336	-408	-128	101180.59	30.24	12.03	0.00	0.00	0	0	99	-1
646	137873	48	8199	-368	-66	18	2	-330	-398	-126	101180.59	30.24	12.03	0.00	0.00	0	0	99	-1
647	137883	46	8197	-366	-66	17	2	-335	-409	-129	101175.08	30.24	12.49	0.00	0.00	0	0	99	-1
648	137893	48	8197	-364	-66	17	2	-332	-402	-124	101175.08	30.24	12.49	0.00	0.00	0	0	99	-1
649	137903	47	8198	-368	-66	17	3	-322	-406	-118	101175.08	30.24	12.03	0.00	0.00	0	0	99	-1
650	137913	46	8199	-372	-66	17	3	-328	-404	-126	101180.56	30.25	12.03	0.00	0.00	0	0	99	-1
651	137943	42	8197	-377	-67	18	2	-325	-403	-127	101180.56	30.27	11.88	0.00	0.00	0	0	99	-1
652	137963	48	8196	-375	-67	17	2	-332	-406	-132	101182.34	30.27	11.88	0.00	0.00	0	0	99	-1
653	137973	47	8196	-380	-67	17	2	-331	-405	-117	101182.34	30.27	11.88	0.00	0.00	0	0	99	-1
654	137983	47	8197	-377	-66	18	2	-329	-399	-115	101181.77	30.27	11.93	0.00	0.00	0	0	99	-1
655	138003	49	8197	-371	-66	18	2	-324	-404	-128	101181.77	30.27	11.93	0.00	0.00	0	0	99	-1
656	138013	49	8195	-369	-67	18	2	-333	-413	-123	101181.77	30.27	11.93	0.00	0.00	0	0	99	-1
657	138023	52	8194	-369	-66	17	2	-330	-410	-128	101175.44	30.23	12.46	0.00	0.00	0	0	99	-1
658	138033	53	8193	-369	-66	17	2	-324	-402	-132	101175.44	30.23	12.46	0.00	0.00	0	0	99	-1
659	138043	53	8194	-374	-67	18	2	-330	-406	-130	101175.44	30.23	12.46	0.00	0.00	0	0	99	-1
660	138053	50	8198	-376	-66	18	2	-334	-404	-124	101177.94	30.25	12.00	0.00	0.00	0	0	99	-1
661	138063	53	8198	-369	-66	18	2	-312	-404	-126	101180.89	30.25	12.00	0.00	0.00	0	0	99	-1
662	138073	54	8197	-376	-66	18	2	-330	-410	-124	101180.89	30.25	12.00	0.00	0.00	0	0	99	-1
663	138083	52	8200	-372	-66	18	2	-334	-398	-128	101179.22	30.27	11.96	0.00	0.00	0	0	99	-1
664	138093	46	8197	-371	-66	18	2	-338	-410	-122	101181.44	30.27	11.96	0.00	0.00	0	0	99	-1
665	138103	46	8197	-368	-66	17	2	-321	-405	-127	101181.44	30.27	11.96	0.00	0.00	0	0	99	-1
666	138113	46	8193	-369	-66	17	2	-325	-409	-131	101181.44	30.27	11.96	0.00	0.00	0	0	99	-1
667	138133	45	8198	-374	-67	18	2	-331	-415	-125	101182.11	30.27	11.90	0.00	0.00	0	0	99	-1
668	138143	42	8198	-369	-67	17	2	-333	-405	-123	101182.11	30.27	11.90	0.00	0.00	0	0	99	-1
669	138153	44	8201	-368	-66	17	2	-332	-406	-130	101182.11	30.27	11.90	0.00	0.00	0	0	99	-1
670	138163	48	8199	-370	-66	18	2	-325	-407	-115	101181.16	30.26	11.98	0.00	0.00	0	0	99	-1
671	138173	47	8197	-371	-67	17	2	-329	-407	-117	101181.16	30.26	11.98	0.00	0.00	0	0	99	-1
672	138183	50	8198	-365	-66	18	2	-333	-397	-127	101181.16	30.26	11.98	0.00	0.00	0	0	99	-1
673	138193	48	8196	-368	-67	18	2	-330	-412	-128	101178.15	30.25	12.23	0.00	0.00	0	0	99	-1
674	138203	48	8194	-370	-67	18	2	-332	-402	-126	101178.15	30.25	12.23	0.00	0.00	0	0	99	-1
675	138213	48	8197	-370	-67	18	2	-328	-400	-126	101178.15	30.25	12.23	0.00	0.00	0	0	99	-1
676	138223	50	8200	-369	-67	18	2	-329	-407	-125	101182.06	30.25	11.91	0.00	0.00	0	0	99	-1
677	138233	52	8198	-367	-67	18	2	-333	-407	-121	101182.06	30.25	11.91	0.00	0.00	0	0	99	-1
678	138243	51	8198	-364	-66	19	2	-324	-408	-130	101182.06	30.25	11.91	0.00	0.00	0	0	99	-1
679	138253	48	8201	-363	-66	18	2	-327	-405	-125	101182.06	30.25	11.91	0.00	0.00	0	0	99	-1
680	138273	51	8198	-362	-66	18	2	-320	-406	-126	101180.39	30.25	12.05	0.00	0.00	0	0	99	-1
681	138283	51	8197	-368	-66	19	2	-332	-406	-124	101180.39	30.25	12.05	0.00	0.00	0	0	99	-1
682	138303	48	8193	-371	-66	18	2	-337	-405	-131	101184.16	30.28	11.73	0.00	0.00	0	0	99	-1
683	138333	50	8197	-368	-66	17	2	-326	-408	-124	101184.16	30.28	11.82	0.00	0.00	0	0	99	-1
684	138343	52	8201	-375	-66	17	2	-329	-407	-129	101183.16	30.28	11.82	0.00	0.00	0	0	99	-1
685	138353	52	8201	-383	-66	17	2	-337	-403	-131	101183.16	30.28	11.82	0.00	0.00	0	0	99	-1
686	138363	51	8201	-380	-66	17	2	-323	-401	-123	101183.16	30.28	11.97	0.00	0.00	0	0	99	-1
687	138373	48	8197	-379	-67	17	2	-327	-399	-129	101181.34	30.27	11.97	0.00	0.00	0	0	99	-1
688	138383	49	8197	-377	-66	18	2	-332	-404	-126	101181.34	30.27	11.97	0.00	0.00	0	0	99	-1
689	138393	52	8196	-374	-66	18	2	-334	-410	-128	101181.34	30.27	11.97	0.00	0.00	0	0	99	-1
690	138403	52	8195	-372	-67	18	2	-324	-402	-120	101181.34	30.27	11.97	0.00	0.00	0	0	99	-1
691	138413	52	8197	-373	-66	18	2	-331	-411	-127	101181.34	30.27	11.97	0.00	0.00	0	0	99	-1
692	138433	47	8196	-367	-66	18	2	-325	-401	-121	101181.34	30.27	11.97	0.00	0.00	0	0	99	-1
693	138443	47	8195	-372	-66	18	2	-329	-401	-125	101178.75	30.24	12.18	0.00	0.00	0	0	99	-1
694	138453	47	8199	-376	-67	17	2	-327	-405	-121	101178.75	30.24	12.18	0.00	0.00	0	0	99	-1
695	138463	47	8196	-373	-67	18	3	-332	-406	-120	101178.75	30.24	12.18	0.00	0.00	0	0	99	-1
696	138473	48	8194	-368	-67	18	2	-323	-417	-127	101178.75	30.24	12.18	0.00	0.00	0	0	99	-1
697	138483	49	8194	-369	-67	18	2	-329	-401	-121	101179.39	30.25	12.13	0.00	0.00	0	0	99	-1
698	138493	45	8192	-375	-67	18	2	-332	-400	-126	101179.39	30.25	12.13	0.00	0.00	0	0	99	-1
699	138503	46	8191	-375	-67	18	2	-331	-413	-129	101179.39	30.25	12.13	0.00	0.00	0	0	99	-1
700	138513	49	8191	-375	-67	17	2	-329	-407	-125	101181.33	30.26	11.97	0.00	0.00	0	0	99	-1
701	138523	48	8194	-377	-67	18	2	-333	-405	-125	101181.33	30.26	11.97	0.00	0.00	0	0	99	-1
702	138533	50	8196	-380	-67	18	2	-329	-407	-119	101181.33	30.26	11.97	0.00	0.00	0	0	99	-1
703	138543	51	8199	-377	-66	18	2	-327	-415	-127	101184.48	30.28	11.71	0.00	0.00	0	0	99	-1
704	138553	50	8195	-373	-66	18	2	-325	-407	-119	101184.48	30.28	11.71	0.00	0.00	0	0	99	-1
705	138573	49	8192	-369	-66	18	2	-337	-415	-121	101184.48	30.28	11.71	0.00	0.00	0	0	99	-1
706	138583	50	8192	-368	-66	18	2	-335	-409	-123	101178.65	30.25	12.19	0.00	0.00	0	0	99	-1
707	138593	51	8193	-373	-66	18	2	-327	-409	-129	101178.65	30.25	12.19	0.00	0.00	0	0	99	-1
708	138603	53	8194	-375	-67	18	2	-334	-412	-130	101178.65	30.25	12.19	0.00	0.00	0	0	99	-1
709	138613	48	8193	-371	-66	18	2	-335	-411	-127	101178.65	30.25	12.19	0.00	0.00	0	0	99	-1
710	138623	49	8196	-375	-66	18	2	-331	-403	-125	101182.06	30.25	11.91	0.00	0.00	0	0	99	-1
711	138633	50	8196	-378	-66	18	2	-336	-412	-126	101182.06	30.25	11.91	0.00	0.00	0	0	99	-1
712	138643	50	8199	-376	-66	17	2	-339	-405	-123	101182.06	30.25	11.91	0.00	0.00	0	0	99	-1
713	138673	46	8199	-374	-66	17	2	-333	-405	-129	101182.50	30.26	11.87	0.00	0.00	0	0	99	-1
714	138693	50	8200	-364	-67	18	2	-328	-402	-122	101187.94	30.29	11.42	0.00	0.00	0	0	99	-1
715	138703	48	8197	-369	-67	18	2	-329	-405	-121	101187.94	30.29	11.42	0.00	0.00	0	0	99	-1
716	138713	50	8199	-373	-66	18	2	-328	-396	-120	101187.94	30.29	11.42	0.00	0.00	0	0	99	-1
717	138723	48	8196	-373	-66	18	2	-331	-407	-127	101185.99	30.28	11.58	0.00	0.00	0	0	99	-1
718	138743	49	8195	-370	-66	18	2	-327	-405	-127	101185.99	30.28	11.58	0.00	0.00	0	0	99	-1
719	138753	46	8195	-372	-66	17	2	-327	-401	-127	101185.99	30.28	11.58	0.00	0.00	0	0	99	-1
720	138763	47	8195	-377	-66	17	2	-329	-405	-123	101180.48	30.25	12.04	0.00	0.00	0	0	99	-1
721	138773	47	8194	-374	-67	17	3	-335	-401	-129	101180.48	30.25	12.04	0.00	0.00	0	0	99	-1
722	138783	47	8196	-372	-67	17	2	-328	-408	-124	101180.48	30.25	12.04	0.00	0.00	0	0	99	-1
723	138793	48	8196	-377	-66	17	3	-328	-406	-126	101180.48	30.25	12.08	0.00	0.00	0	0	99	-1
724	138803	52	8198	-383	-66	18	2	-330	-404	-122	101181.49	30.26	11.95	0.00	0.00	0	0	99	-1
725	138813	48	8197	-378	-66	18	2	-330	-404	-130	101181.49	30.26	11.95	0.00	0.00	0	0	99	-1
726	138823	50	8197	-372	-66	18	2	-331	-403	-125	101181.49	30.26	11.54	0.00	0.00	0	0	99	-1
727	138833	54	8193	-367	-66	17	2	-326	-404	-120	101186.53	30.29	11.54	0.00	0.00	0	0	99	-1
728	138843	55	8196	-366	-66	17	1	-330	-408	-126	101186.53	30.29	11.54	0.00	0.00	0	0	99	-1
729	138853	55	8196	-361	-66	18	1	-335	-411	-129	101186.53	30.29	11.54	0.00	0.00	0	0	99	-1
730	138863	54	8191	-355	-66	18	1	-334	-402	-124	101187.70	30.29	11.44	0.00	0.00	0	0	99	-1
731	138883	52	8195	-361	-66	17	2	-333	-411	-123	101187.70	30.29	11.44	0.00	0.00	0	0	99	-1
732	138893	50	8194	-371	-66	17	2	-332	-406	-124	101187.70	30.29	11.44	0.00	0.00	0	0	99	-1
733	138903	53	8195	-375	-66	18	2	-322	-408	-124	101179.89	30.25	12.09	0.00	0.00	0	0	99	-1
734	138913	52	8199	-372	-66	17	2	-325	-405	-123	101179.89	30.25	12.09	0.00	0.00	0	0	99	-1
735	138923	54	8199	-370	-66	17	2	-334	-404	-130	101179.89	30.25	12.09	0.00	0.00	0	0	99	-1
736	138933	54	8196	-372	-66	17	2	-330	-416	-126	101179.89	30.25	12.09	0.00	0.00	0	0	99	-1
737	138943	50	8195	-369	-67	17	2	-331	-407	-127	101180.70	30.26	12.02	0.00	0.00	0	0	99	-1
738	138953	46	8198	-368	-67	17	2	-326	-410	-122	101180.70	30.26	12.02	0.00	0.00	0	0	99	-1
739	138963	47	8197	-372	-67	17	3	-337	-401	-121	101180.70	30.26	12.02	0.00	0.00	0	0	99	-1
740	138973	47	8197	-373	-66	17	2	-328	-402	-120	101185.84	30.30	11.59	0.00	0.00	0	0	99	-1
741	138983	47	8197	-377	-67	17	3	-327	-401	-125	101185.84	30.30	11.59	0.00	0.00	0	0	99	-1
742	138993	46	8201	-372	-66	18	3	-335	-407	-125	101185.84	30.30	11.59	0.00	0.00	0	0	99	-1
743	139003	44	8200	-371	-66	18	2	-330	-412	-126	101185.84	30.28	11.81	0.00	0.00	0	0	99	-1
744	139033	46	8200	-371	-66	17	2	-323	-407	-123	101183.25	30.28	11.81	0.00	0.00	0	0	99	-1
745	139053	43	8196	-366	-66	18	2	-329	-415	-125	101185.44	30.29	11.63	0.00	0.00	0	0	99	-1
746	139063	43	8196	-369	-67	18	2	-335	-405	-127	101185.44	30.29	11.63	0.00	0.00	0	0	99	-1
747	139073	44	8197	-368	-67	19	2	-327	-403	-123	101185.61	30.29	11.61	0.00	0.00	0	0	99	-1
748	139083	43	8196	-374	-67	18	2	-329	-403	-127	101185.61	30.29	11.61	0.00	0.00	0	0	99	-1
749	139093	43	8198	-376	-67	18	3	-333	-401	-127	101185.61	30.29	11.61	0.00	0.00	0	0	99	-1
750	139103	47	8197	-372	-66	17	3	-323	-403	-125	101185.61	30.29	11.61	0.00	0.00	0	0	99	-1
751	139123	47	8194	-372	-67	17	2	-331	-405	-131	101180.49	30.26	12.04	0.00	0.00	0	0	99	-1
752	139133	50	8195	-369	-66	17	2	-323	-407	-125	101180.49	30.26	12.04	0.00	0.00	0	0	99	-1
753	139143	53	8197	-370	-66	18	2	-323	-407	-129	101180.49	30.26	12.04	0.00	0.00	0	0	99	-1
754	139153	52	8199	-376	-66	17	3	-333	-409	-125	101187.41	30.31	11.46	0.00	0.00	0	0	99	-1
755	139163	50	8198	-375	-66	18	3	-328	-408	-128	101187.41	30.31	11.46	0.00	0.00	0	0	99	-1
756	139173	48	8198	-370	-66	18	2	-330	-406	-132	101187.41	30.31	11.46	0.00	0.00	0	0	99	-1
757	139183	48	8196	-364	-66	18	2	-332	-412	-124	101182.01	30.27	11.91	0.00	0.00	0	0	99	-1
758	139193	52	8199	-363	-66	18	2	-323	-409	-129	101182.01	30.27	11.91	0.00	0.00	0	0	99	-1
759	139203	55	8200	-360	-66	18	2	-337	-401	-127	101182.01	30.27	11.91	0.00	0.00	0	0	99	-1
760	139213	53	8199	-361	-66	18	2	-332	-402	-122	101183.27	30.29	11.81	0.00	0.00	0	0	99	-1
761	139223	54	8200	-362	-66	18	2	-332	-404	-124	101183.27	30.29	11.81	0.00	0.00	0	0	99	-1
762	139233	54	8198	-367	-66	18	2	-327	-413	-123	101183.27	30.29	11.81	0.00	0.00	0	0	99	-1
763	139243	52	8201	-368	-66	18	3	-333	-409	-123	101183.27	30.29	11.81	0.00	0.00	0	0	99	-1
764	139263	54	8201	-362	-66	18	3	-331	-413	-125	101180.44	30.27	12.04	0.00	0.00	0	0	99	-1
765	139273	55	8199	-366	-66	18	2	-328	-406	-126	101180.44	30.27	12.04	0.00	0.00	0	0	99	-1
766	139283	56	8198	-367	-66	17	2	-329	-413	-123	101180.44	30.27	12.04	0.00	0.00	0	0	99	-1
767	139293	51	8204	-364	-66	17	2	-329	-409	-123	101186.91	30.31	11.50	0.00	0.00	0	0	99	-1
768	139303	51	8198	-372	-66	17	2	-325	-411	-121	101186.91	30.31	11.50	0.00	0.00	0	0	99	-1
769	139313	52	8201	-368	-66	17	2	-326	-418	-134	101186.91	30.31	11.50	0.00	0.00	0	0	99	-1
770	139323	52	8202	-368	-67	17	2	-337	-407	-121	101183.92	30.28	11.75	0.00	0.00	0	0	99	-1
771	139333	54	8201	-371	-67	17	2	-333	-413	-123	101183.92	30.28	11.75	0.00	0.00	0	0	99	-1
772	139343	52	8198	-373	-67	17	2	-332	-410	-128	101183.92	30.28	11.75	0.00	0.00	0	0	99	-1
773	139353	51	8198	-373	-66	17	2	-323	-411	-129	101183.92	30.28	11.75	0.00	0.00	0	0	99	-1
774	139363	52	8198	-368	-67	17	2	-326	-410	-124	101181.15	30.28	11.98	0.00	0.00	0	0	99	-1
775	139393	49	8197	-372	-66	17	2	-331	-405	-125	101182.34	30.30	11.88	0.00	0.00	0	0	99	-1
776	139413	49	8197	-363	-66	17	1	-331	-407	-125	101182.34	30.30	11.88	0.00	0.00	0	0	99	-1
777	139423	49	8196	-365	-66	17	2	-332	-406	-120	101177.91	30.28	12.25	0.00	0.00	0	0	99	-1
778	139433	49	8197	-367	-67	17	2	-328	-408	-126	101177.91	30.28	12.25	0.00	0.00	0	0	99	-1
779	139443	48	8195	-366	-66	18	2	-332	-410	-122	101177.91	30.28	12.25	0.00	0.00	0	0	99	-1
780	139453	52	8193	-363	-66	18	2	-335	-409	-123	101177.91	30.28	12.25	0.00	0.00	0	0	99	-1
781	139463	53	8193	-364	-67	18	2	-329	-405	-119	101178.74	30.28	12.18	0.00	0.00	0	0	99	-1
782	139483	50	8192	-367	-66	18	2	-330	-412	-122	101178.74	30.28	12.18	0.00	0.00	0	0	99	-1
783	139493	48	8193	-364	-66	17	2	-336	-412	-124	101178.74	30.28	12.18	0.00	0.00	0	0	99	-1
784	139503	49	8193	-359	-66	18	2	-324	-412	-130	101180.73	30.31	12.02	0.00	0.00	0	0	99	-1
785	139513	54	8198	-353	-66	17	2	-330	-412	-124	101180.73	30.31	12.02	0.00	0.00	0	0	99	-1
786	139523	53	8200	-359	-66	18	2	-323	-405	-131	101180.73	30.31	12.02	0.00	0.00	0	0	99	-1
787	139533	52	8200	-368	-66	18	2	-331	-405	-123	101180.73	30.31	11.90	0.00	0.00	0	0	99	-1
788	139543	53	8197	-371	-66	17	2	-335	-407	-121	101182.14	30.31	11.90	0.00	0.00	0	0	99	-1
789	139553	48	8202	-372	-66	17	2	-326	-402	-126	101182.14	30.31	11.90	0.00	0.00	0	0	99	-1
790	139563	47	8199	-371	-66	18	2	-327	-407	-127	101182.14	30.31	11.92	0.00	0.00	0	0	99	-1
791	139573	48	8202	-368	-66	17	2	-331	-401	-119	101181.91	30.31	11.92	0.00	0.00	0	0	99	-1
792	139583	50	8202	-365	-66	17	2	-334	-402	-120	101181.91	30.31	11.92	0.00	0.00	0	0	99	-1
793	139593	48	8202	-367	-65	17	2	-328	-408	-124	101181.91	30.31	11.92	0.00	0.00	0	0	99	-1
794	139603	47	8199	-367	-66	17	2	-334	-406	-128	101184.24	30.31	11.73	0.00	0.00	0	0	99	-1
795	139623	46	8199	-372	-66	16	2	-328	-408	-124	101184.24	30.31	11.73	0.00	0.00	0	0	99	-1
796	139633	46	8200	-369	-66	17	2	-335	-403	-119	101184.24	30.31	11.73	0.00	0.00	0	0	99	-1
797	139643	47	8200	-371	-66	17	2	-330	-410	-124	101178.84	30.27	12.18	0.00	0.00	0	0	99	-1
798	139653	44	8203	-370	-67	18	2	-339	-409	-119	101178.84	30.27	12.18	0.00	0.00	0	0	99	-1
799	139663	43	8203	-371	-66	18	2	-324	-416	-124	101178.84	30.27	12.18	0.00	0.00	0	0	99	-1
800	139673	44	8200	-374	-66	17	2	-327	-417	-125	101178.84	30.27	12.18	0.00	0.00	0	0	99	-1
801	139703	49	8199	-373	-67	18	2	-333	-409	-127	101180.59	30.29	12.03	0.00	0.00	0	0	99	-1
802	139713	47	8202	-372	-67	17	2	-334	-402	-118	101186.67	30.33	11.52	0.00	0.00	0	0	99	-1
803	139723	50	8198	-369	-67	18	2	-332	-408	-128	101186.67	30.33	11.52	0.00	0.00	0	0	99	-1
804	139733	49	8199	-378	-67	18	2	-332	-408	-128	101186.67	30.33	11.52	0.00	0.00	0	0	99	-1
805	139743	51	8202	-377	-67	17	2	-330	-408	-122	101186.67	30.33	11.37	0.00	0.00	0	0	99	-1
806	139763	52	8198	-370	-67	18	1	-331	-409	-119	101181.17	30.27	11.98	0.00	0.00	0	0	99	-1
807	139793	53	8203	-365	-66	19	2	-332	-408	-122	101186.55	30.32	11.53	0.00	0.00	0	0	99	-1
808	139943	49	8197	-374	-66	18	2	-327	-403	-123	101182.98	30.31	11.83	0.00	0.00	0	0	99	-1
809	139953	53	8200	-370	-66	18	2	-322	-402	-126	101182.98	30.31	11.80	0.00	0.00	0	0	99	-1
810	139963	52	8198	-376	-66	18	2	-331	-403	-119	101183.38	30.32	11.80	0.00	0.00	0	0	99	-1
811	139973	48	8198	-373	-66	18	2	-328	-408	-138	101183.38	30.32	11.80	0.00	0.00	0	0	99	-1
812	139983	49	8200	-369	-66	18	2	-328	-406	-124	101183.38	30.32	11.80	0.00	0.00	0	0	99	-1
813	139993	52	8201	-370	-66	17	2	-330	-402	-132	101183.72	30.32	11.77	0.00	0.00	0	0	99	-1
814	140013	51	8196	-373	-66	18	2	-330	-404	-120	101183.72	30.32	11.77	0.00	0.00	0	0	99	-1
815	140023	53	8193	-373	-66	18	2	-322	-408	-124	101183.72	30.32	11.77	0.00	0.00	0	0	99	-1
816	140033	53	8200	-373	-66	18	2	-338	-402	-128	101179.14	30.28	12.15	0.00	0.00	0	0	99	-1
817	140043	52	8197	-371	-67	19	2	-332	-412	-122	101179.14	30.28	12.15	0.00	0.00	0	0	99	-1
818	140053	51	8196	-366	-67	18	2	-330	-416	-124	101179.14	30.28	12.15	0.00	0.00	0	0	99	-1
819	140063	55	8197	-376	-66	19	2	-327	-413	-123	101179.14	30.28	12.15	0.00	0.00	0	0	99	-1
820	140073	56	8198	-375	-66	18	2	-331	-401	-121	101179.52	30.29	12.12	0.00	0.00	0	0	99	-1
821	140083	48	8198	-378	-66	18	2	-322	-408	-124	101179.52	30.29	12.12	0.00	0.00	0	0	99	-1
822	140093	50	8200	-377	-66	18	2	-336	-402	-124	101179.52	30.29	12.12	0.00	0.00	0	0	99	-1
823	140103	53	8199	-368	-66	18	2	-329	-411	-129	101180.77	30.29	12.02	0.00	0.00	0	0	99	-1
824	140113	54	8198	-365	-66	18	2	-327	-405	-125	101180.77	30.29	12.02	0.00	0.00	0	0	99	-1
825	140123	51	8200	-362	-66	18	3	-335	-411	-119	101180.77	30.29	12.02	0.00	0.00	0	0	99	-1
826	140133	54	8200	-371	-66	18	3	-334	-408	-126	101180.77	30.29	12.02	0.00	0.00	0	0	99	-1
827	140153	49	8199	-376	-67	18	2	-328	-412	-128	101179.59	30.29	12.11	0.00	0.00	0	0	99	-1
828	140163	51	8197	-374	-67	17	2	-330	-406	-116	101179.59	30.29	12.11	0.00	0.00	0	0	99	-1
829	140173	51	8201	-371	-67	17	2	-333	-407	-125	101180.09	30.33	11.70	0.00	0.00	0	0	99	-1
830	140183	50	8198	-368	-66	17	2	-332	-404	-120	101184.50	30.33	11.70	0.00	0.00	0	0	99	-1
831	140193	50	8197	-365	-66	18	3	-328	-404	-118	101184.50	30.33	11.70	0.00	0.00	0	0	99	-1
832	140203	49	8196	-364	-66	18	3	-329	-401	-127	101184.50	30.33	11.70	0.00	0.00	0	0	99	-1
833	140213	53	8197	-367	-66	17	3	-330	-408	-120	101180.41	30.31	12.05	0.00	0.00	0	0	99	-1
834	140223	52	8196	-366	-66	17	3	-331	-409	-123	101180.41	30.31	12.05	0.00	0.00	0	0	99	-1
835	140233	48	8191	-370	-66	17	3	-339	-411	-127	101180.41	30.31	12.05	0.00	0.00	0	0	99	-1
836	140243	46	8190	-368	-66	18	3	-330	-398	-128	101176.34	30.29	12.38	0.00	0.00	0	0	99	-1
837	140303	46	8194	-377	-67	19	2	-319	-407	-129	101180.33	30.30	12.05	0.00	0.00	0	0	99	-1
838	140323	53	8197	-380	-66	18	2	-331	-405	-127	101183.66	30.33	11.77	0.00	0.00	0	0	99	-1
839	140343	54	8197	-379	-66	18	2	-324	-404	-120	101183.66	30.33	11.77	0.00	0.00	0	0	99	-1
840	140353	56	8197	-380	-66	18	2	-339	-407	-125	101185.00	30.33	11.66	0.00	0.00	0	0	99	-1
841	140363	52	8194	-373	-66	18	2	-331	-411	-131	101185.00	30.33	11.66	0.00	0.00	0	0	99	-1
842	140373	53	8197	-371	-66	18	2	-329	-403	-127	101185.00	30.33	11.66	0.00	0.00	0	0	99	-1
843	140383	52	8200	-369	-67	18	2	-329	-411	-125	101184.66	30.34	11.69	0.00	0.00	0	0	99	-1
844	140393	55	8199	-369	-66	17	1	-333	-407	-129	101184.66	30.34	11.69	0.00	0.00	0	0	99	-1
845	140413	56	8194	-373	-67	18	2	-328	-406	-120	101184.66	30.34	11.69	0.00	0.00	0	0	99	-1
846	140423	52	8194	-368	-66	18	2	-328	-410	-116	101177.98	30.28	12.25	0.00	0.00	0	0	99	-1
847	140433	46	8191	-368	-66	18	2	-324	-412	-124	101177.98	30.28	12.25	0.00	0.00	0	0	99	-1
848	140443	46	8192	-372	-66	18	2	-325	-413	-127	101177.98	30.28	12.25	0.00	0.00	0	0	99	-1
849	140453	48	8192	-379	-66	18	2	-337	-409	-121	101177.98	30.28	12.25	0.00	0.00	0	0	99	-1
850	140463	48	8193	-381	-66	18	2	-332	-414	-128	101179.66	30.30	12.11	0.00	0.00	0	0	99	-1
851	140473	49	8195	-380	-66	18	2	-339	-411	-125	101179.66	30.30	12.11	0.00	0.00	0	0	99	-1
852	140483	50	8197	-371	-66	18	2	-339	-407	-125	101179.66	30.30	11.98	0.00	0.00	0	0	99	-1
853	140493	51	8197	-372	-66	17	3	-334	-404	-126	101181.16	30.33	11.98	0.00	0.00	0	0	99	-1
854	140503	49	8198	-377	-66	17	3	-332	-414	-126	101181.16	30.33	11.98	0.00	0.00	0	0	99	-1
855	140513	50	8196	-377	-67	17	3	-331	-409	-127	101181.16	30.33	11.98	0.00	0.00	0	0	99	-1
856	140523	49	8196	-375	-67	17	3	-322	-396	-124	101181.33	30.33	11.97	0.00	0.00	0	0	99	-1
857	140533	46	8198	-375	-67	18	2	-332	-406	-126	101181.33	30.33	11.97	0.00	0.00	0	0	99	-1
858	140553	47	8200	-380	-66	18	2	-320	-402	-116	101181.33	30.33	11.97	0.00	0.00	0	0	99	-1
859	140563	50	8199	-379	-66	18	2	-333	-405	-131	101174.75	30.29	12.52	0.00	0.00	0	0	99	-1
860	140573	47	8198	-376	-67	18	2	-329	-411	-123	101174.75	30.29	12.52	0.00	0.00	0	0	99	-1
861	140583	45	8201	-371	-67	18	2	-325	-413	-127	101174.75	30.29	12.52	0.00	0.00	0	0	99	-1
862	140593	47	8194	-366	-67	17	2	-325	-401	-121	101174.75	30.29	12.52	0.00	0.00	0	0	99	-1
863	140603	47	8193	-366	-67	18	2	-331	-409	-125	101179.57	30.31	12.12	0.00	0.00	0	0	99	-1
864	140613	48	8194	-368	-67	18	2	-324	-406	-124	101179.57	30.31	12.12	0.00	0.00	0	0	99	-1
865	140623	46	8195	-375	-67	18	2	-332	-408	-126	101179.57	30.31	12.12	0.00	0.00	0	0	99	-1
866	140633	47	8196	-371	-67	17	2	-332	-404	-124	101180.71	30.32	12.02	0.00	0.00	0	0	99	-1
867	140643	46	8195	-369	-67	17	2	-328	-402	-120	101180.71	30.32	12.02	0.00	0.00	0	0	99	-1
868	140673	44	8199	-368	-67	17	2	-328	-408	-120	101181.49	30.33	11.95	0.00	0.00	0	0	99	-1
869	140693	45	8200	-363	-67	18	2	-329	-411	-135	101181.49	30.33	11.95	0.00	0.00	0	0	99	-1
870	140703	47	8201	-367	-66	18	2	-327	-401	-125	101182.83	30.34	11.84	0.00	0.00	0	0	99	-1
871	140713	47	8201	-370	-67	18	2	-329	-407	-129	101182.83	30.34	11.84	0.00	0.00	0	0	99	-1
872	140733	47	8200	-361	-66	18	2	-329	-405	-121	101182.83	30.34	11.84	0.00	0.00	0	0	99	-1
873	140743	50	8198	-366	-66	18	2	-331	-409	-123	101177.73	30.31	12.27	0.00	0.00	0	0	99	-1
874	140753	46	8196	-370	-66	18	2	-326	-408	-134	101177.73	30.31	12.27	0.00	0.00	0	0	99	-1
875	140763	46	8198	-372	-66	17	2	-334	-408	-122	101177.73	30.31	12.27	0.00	0.00	0	0	99	-1
876	140773	48	8196	-373	-66	16	2	-326	-406	-122	101177.73	30.31	12.13	0.00	0.00	0	0	99	-1
877	140783	47	8195	-372	-66	16	2	-339	-405	-125	101179.40	30.31	12.13	0.00	0.00	0	0	99	-1
878	140793	48	8197	-366	-66	17	2	-329	-405	-129	101179.40	30.31	12.13	0.00	0.00	0	0	99	-1
879	140803	50	8198	-367	-66	17	2	-334	-402	-128	101178.73	30.34	11.82	0.00	0.00	0	0	99	-1
880	140813	49	8199	-371	-66	18	2	-329	-407	-129	101183.16	30.34	11.82	0.00	0.00	0	0	99	-1
881	140823	49	8199	-372	-67	17	2	-333	-405	-125	101183.16	30.34	11.82	0.00	0.00	0	0	99	-1
882	140833	51	8199	-377	-67	17	2	-330	-418	-128	101183.16	30.34	11.82	0.00	0.00	0	0	99	-1
883	140843	49	8200	-378	-67	17	2	-329	-405	-125	101179.48	30.33	12.12	0.00	0.00	0	0	99	-1
884	140863	51	8203	-376	-67	17	3	-323	-395	-125	101179.48	30.33	12.12	0.00	0.00	0	0	99	-1
885	140873	51	8201	-378	-67	18	2	-328	-414	-130	101179.48	30.33	12.12	0.00	0.00	0	0	99	-1
886	140883	54	8201	-376	-67	18	3	-330	-410	-126	101178.39	30.31	12.21	0.00	0.00	0	0	99	-1
887	140893	54	8197	-371	-67	18	3	-335	-413	-125	101178.39	30.31	12.21	0.00	0.00	0	0	99	-1
888	140903	53	8202	-370	-67	18	2	-330	-412	-130	101178.39	30.31	12.21	0.00	0.00	0	0	99	-1
889	140913	53	8205	-367	-66	19	2	-321	-413	-117	101178.39	30.31	12.12	0.00	0.00	0	0	99	-1
890	140923	49	8199	-370	-66	18	2	-329	-409	-125	101179.57	30.31	12.12	0.00	0.00	0	0	99	-1
891	140933	43	8194	-370	-67	18	2	-335	-403	-125	101179.57	30.31	12.12	0.00	0.00	0	0	99	-1
892	140943	44	8195	-366	-66	17	2	-332	-408	-122	101179.57	30.33	11.84	0.00	0.00	0	0	99	-1
893	140953	44	8196	-372	-67	17	2	-328	-408	-126	101182.83	30.33	11.84	0.00	0.00	0	0	99	-1
894	140963	49	8197	-373	-66	17	2	-330	-408	-128	101182.83	30.33	11.84	0.00	0.00	0	0	99	-1
895	140973	48	8194	-380	-66	18	2	-331	-413	-129	101182.83	30.33	11.84	0.00	0.00	0	0	99	-1
896	140983	47	8194	-374	-66	18	2	-338	-406	-130	101182.50	30.34	11.87	0.00	0.00	0	0	99	-1
897	141003	47	8197	-366	-67	18	2	-330	-406	-118	101182.50	30.34	11.87	0.00	0.00	0	0	99	-1
898	141013	51	8199	-370	-67	18	2	-334	-408	-134	101182.50	30.34	11.87	0.00	0.00	0	0	99	-1
899	141033	51	8192	-366	-67	17	2	-333	-415	-121	101179.20	30.32	12.15	0.00	0.00	0	0	99	-1
900	141063	48	8193	-373	-67	17	2	-333	-401	-125	101182.39	30.33	11.88	0.00	0.00	0	0	99	-1
901	141073	50	8196	-371	-67	18	2	-331	-405	-123	101182.39	30.33	11.88	0.00	0.00	0	0	99	-1
902	141083	53	8196	-367	-67	18	2	-325	-411	-127	101182.39	30.33	11.88	0.00	0.00	0	0	99	-1
903	141093	52	8195	-368	-66	18	2	-335	-393	-127	101184.16	30.34	11.73	0.00	0.00	0	0	99	-1
904	141103	48	8200	-368	-66	18	2	-335	-405	-123	101184.16	30.34	11.73	0.00	0.00	0	0	99	-1
905	141113	48	8199	-367	-67	18	2	-329	-405	-125	101184.16	30.34	11.73	0.00	0.00	0	0	99	-1
906	141123	48	8199	-376	-67	18	2	-335	-411	-123	101179.83	30.30	12.09	0.00	0.00	0	0	99	-1
907	141133	53	8200	-375	-67	18	2	-331	-405	-119	101179.83	30.30	12.09	0.00	0.00	0	0	99	-1
908	141143	53	8195	-374	-67	18	2	-330	-410	-122	101179.83	30.30	12.09	0.00	0.00	0	0	99	-1
909	141153	54	8196	-375	-66	18	2	-327	-407	-119	101179.83	30.30	12.09	0.00	0.00	0	0	99	-1
910	141163	49	8196	-373	-67	18	1	-328	-404	-122	101179.73	30.31	12.10	0.00	0.00	0	0	99	-1
911	141183	50	8195	-367	-66	18	1	-332	-406	-130	101179.73	30.31	12.10	0.00	0.00	0	0	99	-1
912	141193	49	8194	-368	-67	18	1	-335	-413	-129	101179.73	30.31	12.10	0.00	0.00	0	0	99	-1
913	141203	51	8194	-368	-66	18	1	-331	-403	-121	101178.23	30.31	12.23	0.00	0.00	0	0	99	-1
914	141213	53	8190	-374	-66	18	2	-328	-410	-120	101178.23	30.31	12.23	0.00	0.00	0	0	99	-1
915	141223	52	8197	-375	-67	17	2	-329	-405	-123	101178.23	30.31	12.23	0.00	0.00	0	0	99	-1
916	141233	54	8195	-370	-67	17	3	-327	-407	-123	101177.73	30.32	12.15	0.00	0.00	0	0	99	-1
917	141243	49	8197	-368	-67	17	2	-329	-399	-129	101179.20	30.32	12.15	0.00	0.00	0	0	99	-1
918	141253	48	8197	-367	-67	17	2	-336	-400	-122	101179.20	30.32	12.15	0.00	0.00	0	0	99	-1
919	141263	53	8195	-371	-67	18	2	-327	-417	-125	101178.20	30.34	11.98	0.00	0.00	0	0	99	-1
920	141273	50	8198	-379	-67	17	2	-330	-410	-122	101181.16	30.34	11.98	0.00	0.00	0	0	99	-1
921	141283	50	8199	-380	-67	18	2	-331	-405	-125	101181.16	30.34	11.98	0.00	0.00	0	0	99	-1
922	141293	56	8200	-369	-67	18	3	-331	-411	-127	101181.16	30.34	11.98	0.00	0.00	0	0	99	-1
923	141313	49	8196	-363	-67	19	2	-338	-400	-122	101179.83	30.33	12.09	0.00	0.00	0	0	99	-1
924	141323	51	8196	-361	-66	19	2	-331	-417	-129	101179.83	30.33	12.09	0.00	0.00	0	0	99	-1
925	141333	54	8196	-365	-67	19	2	-328	-414	-128	101179.83	30.33	12.09	0.00	0.00	0	0	99	-1
926	141343	55	8197	-369	-67	18	3	-327	-411	-125	101182.94	30.35	11.83	0.00	0.00	0	0	99	-1
927	141353	56	8195	-364	-66	18	2	-336	-410	-120	101182.94	30.35	11.83	0.00	0.00	0	0	99	-1
928	141363	55	8197	-365	-67	18	2	-330	-404	-128	101182.94	30.35	11.83	0.00	0.00	0	0	99	-1
929	141373	54	8196	-367	-67	18	2	-324	-406	-126	101182.94	30.35	12.07	0.00	0.00	0	0	99	-1
930	141403	53	8198	-372	-67	17	2	-326	-408	-120	101180.16	30.33	12.07	0.00	0.00	0	0	99	-1
931	141423	51	8193	-374	-67	18	2	-335	-405	-127	101182.50	30.34	11.87	0.00	0.00	0	0	99	-1
932	141433	49	8192	-373	-67	17	2	-327	-403	-127	101182.50	30.34	11.87	0.00	0.00	0	0	99	-1
933	141443	48	8196	-377	-67	18	2	-322	-404	-128	101184.78	30.35	11.68	0.00	0.00	0	0	99	-1
934	141453	50	8198	-380	-66	18	2	-326	-404	-116	101184.78	30.35	11.68	0.00	0.00	0	0	99	-1
935	141473	51	8195	-379	-66	17	2	-331	-401	-129	101184.78	30.35	11.68	0.00	0.00	0	0	99	-1
936	141483	51	8196	-379	-66	17	2	-332	-408	-120	101179.30	30.31	12.14	0.00	0.00	0	0	99	-1
937	141493	47	8195	-378	-66	17	2	-330	-406	-116	101179.30	30.31	12.14	0.00	0.00	0	0	99	-1
938	141503	44	8198	-382	-65	16	3	-336	-414	-126	101179.30	30.31	12.14	0.00	0.00	0	0	99	-1
939	141513	44	8200	-378	-66	17	3	-329	-405	-131	101179.30	30.31	12.14	0.00	0.00	0	0	99	-1
940	141523	46	8198	-381	-66	17	2	-326	-400	-128	101180.66	30.33	12.02	0.00	0.00	0	0	99	-1
941	141533	47	8199	-379	-66	17	3	-328	-414	-130	101180.66	30.33	12.02	0.00	0.00	0	0	99	-1
942	141543	54	8198	-369	-66	18	3	-336	-408	-122	101180.66	30.33	12.11	0.00	0.00	0	0	99	-1
943	141553	52	8195	-364	-66	18	3	-333	-405	-123	101184.09	30.36	11.74	0.00	0.00	0	0	99	-1
944	141563	54	8199	-368	-66	18	2	-331	-405	-129	101184.09	30.36	11.74	0.00	0.00	0	0	99	-1
945	141573	51	8200	-364	-66	18	2	-333	-407	-121	101184.09	30.36	11.74	0.00	0.00	0	0	99	-1
946	141583	52	8199	-370	-66	19	2	-337	-403	-125	101183.28	30.35	11.81	0.00	0.00	0	0	99	-1
947	141593	52	8200	-374	-67	18	2	-332	-414	-128	101183.28	30.35	11.81	0.00	0.00	0	0	99	-1
948	141603	47	8196	-374	-67	18	2	-320	-402	-120	101183.28	30.35	11.81	0.00	0.00	0	0	99	-1
949	141613	45	8200	-376	-67	18	2	-325	-405	-119	101180.33	30.34	12.05	0.00	0.00	0	0	99	-1
950	141633	47	8195	-368	-67	18	2	-332	-402	-126	101180.33	30.34	12.05	0.00	0.00	0	0	99	-1
951	141643	51	8198	-367	-66	18	2	-333	-413	-129	101180.33	30.34	12.05	0.00	0.00	0	0	99	-1
952	141653	50	8194	-373	-66	18	2	-329	-415	-125	101180.33	30.34	12.05	0.00	0.00	0	0	99	-1
953	141663	49	8197	-372	-66	17	2	-330	-408	-120	101180.48	30.33	12.04	0.00	0.00	0	0	99	-1
954	141673	48	8195	-374	-66	17	2	-337	-401	-127	101180.48	30.33	12.04	0.00	0.00	0	0	99	-1
955	141683	50	8193	-374	-67	17	2	-329	-405	-119	101180.48	30.33	12.04	0.00	0.00	0	0	99	-1
956	141693	49	8191	-381	-66	17	2	-333	-409	-119	101182.11	30.35	11.90	0.00	0.00	0	0	99	-1
957	141703	50	8195	-375	-67	18	2	-322	-406	-126	101182.11	30.35	11.90	0.00	0.00	0	0	99	-1
958	141713	48	8197	-373	-67	18	3	-327	-399	-123	101182.11	30.35	11.90	0.00	0.00	0	0	99	-1
959	141723	48	8198	-373	-66	17	3	-329	-413	-127	101184.44	30.35	11.71	0.00	0.00	0	0	99	-1
960	141733	48	8198	-377	-66	18	3	-335	-401	-117	101184.44	30.35	11.71	0.00	0.00	0	0	99	-1
961	141763	49	8198	-373	-66	18	2	-337	-413	-123	101181.44	30.35	11.96	0.00	0.00	0	0	99	-1
962	141783	53	8199	-373	-66	18	2	-328	-404	-128	101181.44	30.35	11.96	0.00	0.00	0	0	99	-1
963	141793	54	8198	-375	-66	18	2	-331	-405	-121	101181.83	30.34	11.93	0.00	0.00	0	0	99	-1
964	141803	52	8202	-377	-66	17	2	-327	-413	-129	101181.83	30.34	11.93	0.00	0.00	0	0	99	-1
965	141813	49	8199	-376	-66	18	2	-333	-407	-123	101181.83	30.34	11.93	0.00	0.00	0	0	99	-1
966	141823	52	8200	-379	-66	18	2	-335	-401	-125	101181.83	30.34	11.93	0.00	0.00	0	0	99	-1
967	141833	53	8198	-374	-67	18	2	-326	-408	-126	101182.56	30.34	11.87	0.00	0.00	0	0	99	-1
968	141853	50	8199	-371	-67	19	2	-331	-407	-125	101182.56	30.34	11.87	0.00	0.00	0	0	99	-1
969	141863	51	8197	-364	-67	19	3	-327	-413	-137	101182.56	30.34	11.87	0.00	0.00	0	0	99	-1
970	141873	51	8198	-362	-67	19	3	-323	-413	-125	101179.08	30.32	12.16	0.00	0.00	0	0	99	-1
971	141883	49	8196	-363	-67	18	3	-333	-403	-123	101179.08	30.32	12.16	0.00	0.00	0	0	99	-1
972	141893	48	8194	-370	-66	18	3	-329	-411	-125	101179.08	30.32	12.16	0.00	0.00	0	0	99	-1
973	141903	49	8196	-373	-66	18	3	-328	-408	-120	101179.08	30.32	12.05	0.00	0.00	0	0	99	-1
974	141913	48	8193	-378	-66	18	3	-335	-411	-125	101180.33	30.34	12.05	0.00	0.00	0	0	99	-1
975	141923	48	8196	-379	-66	18	2	-332	-402	-120	101180.33	30.34	12.05	0.00	0.00	0	0	99	-1
976	141933	47	8195	-380	-66	18	1	-332	-406	-126	101180.33	30.34	12.07	0.00	0.00	0	0	99	-1
977	141943	46	8200	-372	-66	19	1	-330	-408	-122	101180.89	30.34	12.00	0.00	0.00	0	0	99	-1
978	141953	49	8202	-371	-67	18	1	-334	-416	-134	101180.89	30.34	12.00	0.00	0.00	0	0	99	-1
979	141963	53	8200	-373	-66	18	1	-330	-398	-130	101180.89	30.34	12.00	0.00	0.00	0	0	99	-1
980	141973	47	8200	-378	-66	18	2	-325	-407	-127	101187.40	30.37	11.46	0.00	0.00	0	0	99	-1
981	141993	49	8203	-377	-66	17	2	-327	-405	-121	101187.40	30.37	11.46	0.00	0.00	0	0	99	-1
982	142003	48	8205	-376	-66	17	2	-326	-406	-118	101187.40	30.37	11.46	0.00	0.00	0	0	99	-1
983	142013	47	8203	-370	-67	17	2	-324	-410	-122	101181.66	30.34	11.94	0.00	0.00	0	0	99	-1
984	142023	48	8204	-375	-67	18	2	-328	-408	-122	101181.66	30.34	11.94	0.00	0.00	0	0	99	-1
985	142033	55	8206	-372	-67	18	2	-324	-414	-128	101181.66	30.34	11.94	0.00	0.00	0	0	99	-1
986	142043	57	8204	-369	-67	18	2	-335	-409	-115	101181.66	30.34	11.94	0.00	0.00	0	0	99	-1
987	142053	53	8201	-372	-67	18	2	-335	-405	-117	101183.41	30.34	11.80	0.00	0.00	0	0	99	-1
988	142063	48	8200	-370	-67	19	2	-324	-404	-132	101183.41	30.34	11.80	0.00	0.00	0	0	99	-1
989	142073	47	8201	-378	-67	18	3	-334	-406	-126	101183.41	30.34	11.75	0.00	0.00	0	0	99	-1
990	142083	49	8200	-377	-67	18	2	-323	-399	-123	101183.92	30.36	11.75	0.00	0.00	0	0	99	-1
991	142093	56	8202	-372	-67	18	2	-328	-406	-118	101183.92	30.36	11.75	0.00	0.00	0	0	99	-1
992	142123	56	8200	-376	-67	17	3	-327	-405	-129	101183.09	30.36	11.82	0.00	0.00	0	0	99	-1
993	142143	54	8204	-382	-67	18	2	-330	-402	-124	101183.09	30.36	11.82	0.00	0.00	0	0	99	-1
994	142153	58	8203	-384	-67	18	2	-329	-403	-125	101183.05	30.37	11.82	0.00	0.00	0	0	99	-1
995	142163	57	8206	-379	-67	17	2	-337	-403	-125	101183.05	30.37	11.82	0.00	0.00	0	0	99	-1
996	142173	57	8205	-384	-67	17	3	-331	-409	-129	101183.05	30.37	11.82	0.00	0.00	0	0	99	-1
997	142183	56	8203	-384	-67	18	3	-335	-405	-129	101183.05	30.37	11.82	0.00	0.00	0	0	99	-1
998	142193	57	8203	-375	-67	17	3	-336	-396	-124	101176.98	30.33	12.33	0.00	0.00	0	0	99	-1
999	142203	55	8202	-376	-67	17	3	-327	-401	-127	101176.98	30.33	12.33	0.00	0.00	0	0	99	-1